date_time,temperature,sensor_url
2018-02-22T06:20:17.77Z,21.44,https://playground.fiesta-iot.eu/iot-registry/api/resources/Huksuaia4wMd2SmtlomvLkIPfY0bhN3Pq7ak90SO0ANVlZmo47RnZcXrgrweHYly5bI8q1IXQrd-j3KtX5UeKeZ_2L-4nnnqb16vNFFbet4=
2018-02-22T06:21:54.483Z,13.01,https://playground.fiesta-iot.eu/iot-registry/api/resources/UQ3ntuvhadCnxNROiCAODjjv_6MgNnDTQQbZGtdU6PLRAXP0eYRc7wkIawseJU0IBnaoV-aUlYCTD0pzHTNAavYa-37EuEaRTZ9j21UoCTc=
2018-02-22T06:22:20.01Z,13.54,https://playground.fiesta-iot.eu/iot-registry/api/resources/XrGos2wFKHqgNQLcEKN45oXPmz46iiJlVdzjNWQuAiZhaiFtdBjv8ZpBqV6II2USaUXK8CIXqL2DUqNBIV3BdErgaLV5edZTBZQgLSww3QE=
2018-02-22T06:24:08.034Z,22.85,https://playground.fiesta-iot.eu/iot-registry/api/resources/ldwjmmqo4_6-RQVCIutKqxzvuhdHlMKapA5GYbJYYyGmHvAke4u7h9QoNQfMZOoTgjYWGuIs2Hawo4Ias7mT8s1rJMFwPjoj_GM58F4it7k=
2018-02-22T06:24:16.981Z,21.54,https://playground.fiesta-iot.eu/iot-registry/api/resources/k5-3_gp4a1LlLj7NbkXE-fBYTaD0V5kmZuFAKU_XiCWVnUoDcTEYmHZbkE0s9qmNO2HPr2m_WUPIOwG-jBgadbxqgM7jIbFK4tBX2wvxV8M=
2018-02-22T06:24:21.278Z,21.88,https://playground.fiesta-iot.eu/iot-registry/api/resources/zvx-aKPDaoJEtOMXkP6CjiEfSUctDmFAZTZ6mbo715WMYiG0mh-yiV0O5Kvkd8x7eVwrY4xTAzNK8GQoPRa1wPgZ2-6Zh0n0gGyAld13Xkg=
2018-02-22T06:25:00Z,6.9,https://playground.fiesta-iot.eu/iot-registry/api/resources/z4eML_qbplF2Psbo77mIwGAXahddakX1GI3MFU7E1MZlRWGPB1ft_u9ENPhcE3crDamLIforhMuZZdBieMG5qQSLBD4I2JdoE35c8bs5QA2qPRwV-UDAP_8fZPu5nt5D
2018-02-22T06:25:00.511Z,27.5,https://playground.fiesta-iot.eu/iot-registry/api/resources/xjH8D9gqsPAeEWXONlQDhTLpAzqI1tCnwGvD5ENx3LE_AZPpKrcIvlLZ7UMX1PfZ379PwT5DaudylRQ7_JpWVYJgViGWIfX0vyRF_bL6lE4=
2018-02-22T06:28:21.743Z,21.41,https://playground.fiesta-iot.eu/iot-registry/api/resources/Huksuaia4wMd2SmtlomvLkIPfY0bhN3Pq7ak90SO0ANVlZmo47RnZcXrgrweHYly5bI8q1IXQrd-j3KtX5UeKeZ_2L-4nnnqb16vNFFbet4=
2018-02-22T06:29:50.028Z,13.66,https://playground.fiesta-iot.eu/iot-registry/api/resources/UQ3ntuvhadCnxNROiCAODjjv_6MgNnDTQQbZGtdU6PLRAXP0eYRc7wkIawseJU0IBnaoV-aUlYCTD0pzHTNAavYa-37EuEaRTZ9j21UoCTc=
2018-02-22T06:30:00Z,23.0,https://playground.fiesta-iot.eu/iot-registry/api/resources/W5du2EJzGl_ewNud-Atl4-2tRokwHzGKpubBb33Kifr5Omtbk16UmJXp_admjA0yu-HHPgroDOzU1tieEMXF5HMBw5oeV8gZcgbHJUAr5RdUi3ChbpBk7lZZC3zCx9aR
2018-02-22T06:30:00Z,21.0,https://playground.fiesta-iot.eu/iot-registry/api/resources/6mPmAjbOpKNVarPLLFFKtqvuNcup8MYi0AClsb_VeB7eLr7mulfITdjQzdCKgW8TdvUmCQTHIx3wF4Yfj718NY3B426zQeMJ-aERuevT872nZOjyoUdhfwWzXFo_GVeM
2018-02-22T06:30:00Z,23.0,https://playground.fiesta-iot.eu/iot-registry/api/resources/ZC0f9obdrfLNPvu61yiNg3SV6wiezEOAOqJH5rtrecYn8XzYRFSkeo-E3OFpf1wFiqg-RujUmgB8I3IEdZNcLUMmodKR-iiJr8ck1uDmRN3s5VFKUMZ9ffHl3VeYWdzn
2018-02-22T06:30:00Z,236.0,https://playground.fiesta-iot.eu/iot-registry/api/resources/asHvEiTyhMf9XL0NtzF-7rTIDgmDVdDRcaUaFG0c5g4K4gKtWaRO8a9hOcpaDOSbnJJU83YWyWxuQugti8u3gj3cVL-yQxp3jc2jJ1HTT5EnoxsDQXloR-18W9RWPVtw
2018-02-22T06:30:00Z,23.0,https://playground.fiesta-iot.eu/iot-registry/api/resources/nX2OutLKf0YvalJTF2otd1Yqt6cwlDiP9f0WcD6YgSDuuC6MHCfHhk2N96unEtTOrKe6qwx1Ue4YLeMuwghSWvgMXaNwg7_LtLdV6ScvKzwkPZEOyapTf7xypp86uRQG
2018-02-22T06:30:00Z,23.0,https://playground.fiesta-iot.eu/iot-registry/api/resources/5FiLUs0aTEC_VcWDJUWBBj07-FhK6CxuPGs4rXaq3awowjwDWJsxvpvFvEVd0wSyxgNdkNr-q1MOyCgI1FnsFLe9KU_xnqVV6ms-oiFW64vj6hnu04VZO7pNd67aTe-x
2018-02-22T06:30:00Z,27.0,https://playground.fiesta-iot.eu/iot-registry/api/resources/e4eLyXGHwPuGiMGfiwawteYsr6x7PnHrtgHEMfRJuMabgCxP85yFqte8bRo9UyD4maY2JzUOAjmuHeF3F7ssTYIn2TOiNzKtyWTtjDL-cH76FqBXWC2ftgnelb7ij3FO
2018-02-22T06:30:00Z,23.0,https://playground.fiesta-iot.eu/iot-registry/api/resources/sXsRGYAh8mX8ZXAvEFlcCu55pVZkdXL_jJojvrO6_6v97Cnncyii5xT8h0eJdGV5j6CUJA2ar5CnsjUa4RRMpDX3Fc8QG20akkpGAMlERYEY4EYje1rzyNylDORhWqj1
2018-02-22T06:30:00Z,31.0,https://playground.fiesta-iot.eu/iot-registry/api/resources/sCWgNBPXaWwkxHs7VEQodl-kAAJKa7n1erpqTbT_RdQzkaJIFNRvK5HiPMUxxDIqkr3cNYBBBsASLysIwTi8poxIGOnWGli7wAyqh1c3q02hX5S3MZVNuG-zgtVlu97o
2018-02-22T06:30:00Z,25.0,https://playground.fiesta-iot.eu/iot-registry/api/resources/Xncpa-L5Ra-c8kHgyZo06paZNlSRdXvqZOCeHB5u5guUoq1FsTbFJr2kSqmhv6X_j3Fpv4fa3czTt7rfMSpMNa5osLAp5oVWgNVTZd9YuUWO5FMBT6rL8JKp_c90I7Wb
2018-02-22T06:30:00Z,21.0,https://playground.fiesta-iot.eu/iot-registry/api/resources/V1YH-QeIGRfxCIIeINBrn-O2Aq9x2aRslRwrod34VLtizY9h2nUdRI-Y4SjTRqyu-dNuBsh_1JaO8ZBBlwFHDyQ6A7RyUrFxKnYS6SzYXCu8YZ2HqEtaeveNYUSdYIL3
2018-02-22T06:30:00Z,23.0,https://playground.fiesta-iot.eu/iot-registry/api/resources/KJdQsIGbyjvqUwmU_EJplf4pYFxZBEn1D9kbP8UX6pweGTfra4vmwd3svYj47OWObAUd_SG7wKOTrkYF8Bh2EeX63kbZ41c2ecystlNSbislEji_meb6Or-pfqlwtNUu
2018-02-22T06:30:00Z,32.0,https://playground.fiesta-iot.eu/iot-registry/api/resources/yMAOmm3zC7HDZUtYCKMx5k4Ti5C5hT7_S9ZHcScvbhRB3DHAZah1-rE65wI5tpb_hTO4Pp6ZofiALNw0P0BIoIZl_c5GE6dPJ7sn--_R2PyIxpFZm36YT0h-7jK3MVHP
2018-02-22T06:30:00Z,23.0,https://playground.fiesta-iot.eu/iot-registry/api/resources/VD51grLyIMr1yiyOCd3mhelFzrQ7icP3LU1dYu_b9y4EwoORayCitBucsTn0HCjDm2ZZFgXIzaUPX6e7Pr5P0UOjZ55VPpmYoJw6cmZbobrI-KEpr6moAP7xBFIsHW9-
2018-02-22T06:30:00Z,215.0,https://playground.fiesta-iot.eu/iot-registry/api/resources/KdwL6tX9v90f3mDZSPzhLrBf8ugbXSediTRFwd1dZFd-B5X1lBX8wJZMje1XsN6uYNtWSPoJVQohGF1A-Ytqv3dBdNrkFB0bB4521EeqyXhos72w5gVv23YUQojC8lSp
2018-02-22T06:30:00Z,23.0,https://playground.fiesta-iot.eu/iot-registry/api/resources/h1XKw7Nw21R8rtVF1fkeEO0zalYvqXYQr2fIVl9N-o7zxPze_b0MNaWOUE1lFXmMxzgetiHiUEBWyPJmlEzZAShWPGmYukkIp3ov8cfYkPnsFHDa9lbqn-HS7VZCoCUv
2018-02-22T06:30:00Z,28.0,https://playground.fiesta-iot.eu/iot-registry/api/resources/koHeE4wfk0y4s-YsggMi6cePW5tV0WQgImq_bWwEhS0ncJy8m6GO6qIW1o52eUrkmSFhBPOaKAoC_TrohyoNnQHMZkyNtt10zdDMo51_yHNjmM5krIBUUZ6F6uhk9Lfl
2018-02-22T06:30:00Z,27.0,https://playground.fiesta-iot.eu/iot-registry/api/resources/yeBlDF_1pPYNjYwOnTG00JhssXBiZVyN5lHKyqaBx8k5yspBMkpXVUfgpIQ03ufklU8xQrDAmYckZG90zJAgdywKWmJRaif5-hkpdoq2TOxkWBnchNFPWhVh6Apn4Bgc
2018-02-22T06:30:00Z,32.0,https://playground.fiesta-iot.eu/iot-registry/api/resources/arb5feLz0hVJmV4khAtxtmU4ZasbTizFCc2Q82WOBeJ7ObPinMfb-5dY9DqA04jHU80nlHBID7O5d7hhyBH5bXDHPzVJMpJ2I8x1Ju3xtr9ri4DYw0XlvyMZk3nyZUU9
2018-02-22T06:30:00Z,23.0,https://playground.fiesta-iot.eu/iot-registry/api/resources/MoJbp36FWcoHd09x8yvpGRbdfJ6R6GldhZxpyorDMfeHD7QbdjEUo4JkMOtUwZjxR6bshbpndQFy5vqMSBtCAiUPEAdQ-O5rsBvn36DHFkVoI3tExBnGqkpuFphngBVo
2018-02-22T06:30:00Z,31.0,https://playground.fiesta-iot.eu/iot-registry/api/resources/ORnt0eFjSUotSgFVOQeHpQthHvjY6vz9_LzOkV-BPkkBmCqZBVASLn8xb0ksAYgzNHl5dAzm0aMxgBuMCbeREB1rx2WLLl4ia9LsGpeejR9podvMrZNeWngN7YK7KMby
2018-02-22T06:30:00Z,23.0,https://playground.fiesta-iot.eu/iot-registry/api/resources/56ho0gf8mCdS-o-mUREhhfytOqloa-tNu-l0H2s5VtsQwfhcdFPw2GhBfjjU3WGI4dn_OTvCWqn-uvdwWwhH6lo9ECBzUIXvSxIUoYu57QNsscNKTQfN9_R_E_4gjOKM
2018-02-22T06:30:00Z,26.0,https://playground.fiesta-iot.eu/iot-registry/api/resources/aG9BmIcSlsu9uHb9HsN7Ac6UaIMwZzzTtLwgf4Q1jybodkcKDEneCOLFxPEDz1-hIqV2S_xXnuYLE1f3mgfmKpyEI0z5OCnBbLTAK_ewv12rKWFFpIH34jn4zJ5fRoqW
2018-02-22T06:30:00Z,328.0,https://playground.fiesta-iot.eu/iot-registry/api/resources/j7FkMmdJBXBPT6Y8GmcythgkDhRiLFfBlfQOOC3FEVaPGLd28zaiDM_tJ-8-Sl5jbCJGtk__mJmTD7XH7fAEfFckr7Dm6GsBkqlg1B-u_Dquzsh9RpuKdOCX0BFpuzI5
2018-02-22T06:30:00Z,28.0,https://playground.fiesta-iot.eu/iot-registry/api/resources/yc3lci3IcdobHr4oKV_SNYNKOgs-xptxLSYHEKvl4gFoq92zbXxc4M1IL2n50Dw1k5Ki_fVjp5ag5A59hQ6PBq4uCFEOGlDMCjnQD_CgZ2JgFuvfDPX6EpBdX8rk70gE
2018-02-22T06:30:00Z,279.0,https://playground.fiesta-iot.eu/iot-registry/api/resources/MPGM4eJOmLBB5SeVX6E9HWzqC1KjKLg87L48ZVGyU80D77mZXSEcWgck12rs504ierr9BOljDaxpdOJLcQrvP0-4Y30gDxfAje8djalU_5catGYBbPVnO_ewU5SUiH5A
2018-02-22T06:30:00Z,28.0,https://playground.fiesta-iot.eu/iot-registry/api/resources/CSO2y2cQU_LnJiz74e6yk_0g9o69PBsPYXK5WOb-x2iJuOSwg5VIVBUlyv-Y1kT2CIaOMfNQiTNOo37o1nygCwhmJV6Fd-ZGeuXkm3XpVP0zqeUcy9BIPh5Ld-A7VV3g
2018-02-22T06:30:00Z,32.0,https://playground.fiesta-iot.eu/iot-registry/api/resources/dfiCZSvOQ4HB4G9A0-574SI98VDa-rHw6XSelqruUR9-SbFZgqdhfZmFIPrcgzZ9S3FUmR0K2qp-Ex1ABBACj0ufT_l2wfV7WkpeJbvJIGDWrNOIEM4tx4_ImLd7IJBz
2018-02-22T06:30:00Z,313.0,https://playground.fiesta-iot.eu/iot-registry/api/resources/O07wufrWNvGVOw-Ax5sLvp4ku3ZBIa0yu9lqTOjkvLVMttKfVjnc2_M4gJE5qrdj85xmC2ggeAvS5JJaPriTsYvAMSazv7A3boJEJ0bbeVDii9BBa0tj3oUUJgRnKmbO
2018-02-22T06:30:00Z,204.0,https://playground.fiesta-iot.eu/iot-registry/api/resources/e1cuF-lDGkj65CiuAB_aTBGArbFWGOVK-rmlmP3TRCe3rqxWus42Wl2vO2t3C7yC8YurdoRr8GiWGTpq0mqWyv6-aALa5_gdvNXYR8dOHEDScelrZIHv5ac7fl2kF-AG
2018-02-22T06:30:00Z,28.0,https://playground.fiesta-iot.eu/iot-registry/api/resources/hR7y4NEgx7tJWb4QdSCI1Gx61m6G2v6GKrpkrvFX0ESmaoY49m02dbNJGxDEbtK5nBJ8Jqkrq2CG4gszLi2MusL4A01IjbsMr-SWXgQAATyFxhTQujF3f4KiLa0uyN8w
2018-02-22T06:30:00Z,23.0,https://playground.fiesta-iot.eu/iot-registry/api/resources/wuVbNPAfVV4QttJFXJ9H331iu7hOP6CA-oFDKdE_DsHzho2uxOABD9PWCnRRd4RXXQJmvWlIbA-FP6EFRTyI6ohh9H2VPl9MbmpycKFP5VXeMYUfkyZau5Lf4VFDLh_u
2018-02-22T06:30:01.589Z,4.2,https://playground.fiesta-iot.eu/iot-registry/api/resources/FUIBUTUDCOdIfNX8hVyka6E1pmNgjLAuOA6XctHsoQe1AZCpnmuOxjnPZtnRjD-A
2018-02-22T06:30:15.703Z,13.97,https://playground.fiesta-iot.eu/iot-registry/api/resources/XrGos2wFKHqgNQLcEKN45oXPmz46iiJlVdzjNWQuAiZhaiFtdBjv8ZpBqV6II2USaUXK8CIXqL2DUqNBIV3BdErgaLV5edZTBZQgLSww3QE=
2018-02-22T06:32:58.611Z,27.76,https://playground.fiesta-iot.eu/iot-registry/api/resources/xjH8D9gqsPAeEWXONlQDhTLpAzqI1tCnwGvD5ENx3LE_AZPpKrcIvlLZ7UMX1PfZ379PwT5DaudylRQ7_JpWVYJgViGWIfX0vyRF_bL6lE4=
2018-02-22T06:34:03.934Z,22.06,https://playground.fiesta-iot.eu/iot-registry/api/resources/zvx-aKPDaoJEtOMXkP6CjiEfSUctDmFAZTZ6mbo715WMYiG0mh-yiV0O5Kvkd8x7eVwrY4xTAzNK8GQoPRa1wPgZ2-6Zh0n0gGyAld13Xkg=
2018-02-22T06:34:08.163Z,22.98,https://playground.fiesta-iot.eu/iot-registry/api/resources/ldwjmmqo4_6-RQVCIutKqxzvuhdHlMKapA5GYbJYYyGmHvAke4u7h9QoNQfMZOoTgjYWGuIs2Hawo4Ias7mT8s1rJMFwPjoj_GM58F4it7k=
2018-02-22T06:34:19.541Z,21.61,https://playground.fiesta-iot.eu/iot-registry/api/resources/k5-3_gp4a1LlLj7NbkXE-fBYTaD0V5kmZuFAKU_XiCWVnUoDcTEYmHZbkE0s9qmNO2HPr2m_WUPIOwG-jBgadbxqgM7jIbFK4tBX2wvxV8M=
2018-02-22T06:38:26.877Z,21.39,https://playground.fiesta-iot.eu/iot-registry/api/resources/Huksuaia4wMd2SmtlomvLkIPfY0bhN3Pq7ak90SO0ANVlZmo47RnZcXrgrweHYly5bI8q1IXQrd-j3KtX5UeKeZ_2L-4nnnqb16vNFFbet4=
2018-02-22T06:39:42.845Z,14.33,https://playground.fiesta-iot.eu/iot-registry/api/resources/UQ3ntuvhadCnxNROiCAODjjv_6MgNnDTQQbZGtdU6PLRAXP0eYRc7wkIawseJU0IBnaoV-aUlYCTD0pzHTNAavYa-37EuEaRTZ9j21UoCTc=
2018-02-22T06:40:00Z,6.9,https://playground.fiesta-iot.eu/iot-registry/api/resources/z4eML_qbplF2Psbo77mIwGAXahddakX1GI3MFU7E1MZlRWGPB1ft_u9ENPhcE3crDamLIforhMuZZdBieMG5qQSLBD4I2JdoE35c8bs5QA2qPRwV-UDAP_8fZPu5nt5D
2018-02-22T06:40:09.344Z,14.8,https://playground.fiesta-iot.eu/iot-registry/api/resources/XrGos2wFKHqgNQLcEKN45oXPmz46iiJlVdzjNWQuAiZhaiFtdBjv8ZpBqV6II2USaUXK8CIXqL2DUqNBIV3BdErgaLV5edZTBZQgLSww3QE=
2018-02-22T06:42:08.056Z,23.14,https://playground.fiesta-iot.eu/iot-registry/api/resources/ldwjmmqo4_6-RQVCIutKqxzvuhdHlMKapA5GYbJYYyGmHvAke4u7h9QoNQfMZOoTgjYWGuIs2Hawo4Ias7mT8s1rJMFwPjoj_GM58F4it7k=
2018-02-22T06:42:21.56Z,21.62,https://playground.fiesta-iot.eu/iot-registry/api/resources/k5-3_gp4a1LlLj7NbkXE-fBYTaD0V5kmZuFAKU_XiCWVnUoDcTEYmHZbkE0s9qmNO2HPr2m_WUPIOwG-jBgadbxqgM7jIbFK4tBX2wvxV8M=
2018-02-22T06:43:07.719Z,28.22,https://playground.fiesta-iot.eu/iot-registry/api/resources/xjH8D9gqsPAeEWXONlQDhTLpAzqI1tCnwGvD5ENx3LE_AZPpKrcIvlLZ7UMX1PfZ379PwT5DaudylRQ7_JpWVYJgViGWIfX0vyRF_bL6lE4=
2018-02-22T06:43:16.532Z,24.04,https://playground.fiesta-iot.eu/iot-registry/api/resources/zvx-aKPDaoJEtOMXkP6CjiEfSUctDmFAZTZ6mbo715WMYiG0mh-yiV0O5Kvkd8x7eVwrY4xTAzNK8GQoPRa1wPgZ2-6Zh0n0gGyAld13Xkg=
2018-02-22T06:45:01.988Z,3.6,https://playground.fiesta-iot.eu/iot-registry/api/resources/FUIBUTUDCOdIfNX8hVyka6E1pmNgjLAuOA6XctHsoQe1AZCpnmuOxjnPZtnRjD-A
2018-02-22T06:46:30.914Z,21.37,https://playground.fiesta-iot.eu/iot-registry/api/resources/Huksuaia4wMd2SmtlomvLkIPfY0bhN3Pq7ak90SO0ANVlZmo47RnZcXrgrweHYly5bI8q1IXQrd-j3KtX5UeKeZ_2L-4nnnqb16vNFFbet4=
2018-02-22T06:48:03.361Z,15.0,https://playground.fiesta-iot.eu/iot-registry/api/resources/XrGos2wFKHqgNQLcEKN45oXPmz46iiJlVdzjNWQuAiZhaiFtdBjv8ZpBqV6II2USaUXK8CIXqL2DUqNBIV3BdErgaLV5edZTBZQgLSww3QE=
2018-02-22T06:49:34.194Z,14.89,https://playground.fiesta-iot.eu/iot-registry/api/resources/UQ3ntuvhadCnxNROiCAODjjv_6MgNnDTQQbZGtdU6PLRAXP0eYRc7wkIawseJU0IBnaoV-aUlYCTD0pzHTNAavYa-37EuEaRTZ9j21UoCTc=
2018-02-22T06:50:00Z,23.0,https://playground.fiesta-iot.eu/iot-registry/api/resources/W5du2EJzGl_ewNud-Atl4-2tRokwHzGKpubBb33Kifr5Omtbk16UmJXp_admjA0yu-HHPgroDOzU1tieEMXF5HMBw5oeV8gZcgbHJUAr5RdUi3ChbpBk7lZZC3zCx9aR
2018-02-22T06:50:00Z,21.0,https://playground.fiesta-iot.eu/iot-registry/api/resources/6mPmAjbOpKNVarPLLFFKtqvuNcup8MYi0AClsb_VeB7eLr7mulfITdjQzdCKgW8TdvUmCQTHIx3wF4Yfj718NY3B426zQeMJ-aERuevT872nZOjyoUdhfwWzXFo_GVeM
2018-02-22T06:50:00Z,23.0,https://playground.fiesta-iot.eu/iot-registry/api/resources/ZC0f9obdrfLNPvu61yiNg3SV6wiezEOAOqJH5rtrecYn8XzYRFSkeo-E3OFpf1wFiqg-RujUmgB8I3IEdZNcLUMmodKR-iiJr8ck1uDmRN3s5VFKUMZ9ffHl3VeYWdzn
2018-02-22T06:50:00Z,235.0,https://playground.fiesta-iot.eu/iot-registry/api/resources/asHvEiTyhMf9XL0NtzF-7rTIDgmDVdDRcaUaFG0c5g4K4gKtWaRO8a9hOcpaDOSbnJJU83YWyWxuQugti8u3gj3cVL-yQxp3jc2jJ1HTT5EnoxsDQXloR-18W9RWPVtw
2018-02-22T06:50:00Z,23.0,https://playground.fiesta-iot.eu/iot-registry/api/resources/nX2OutLKf0YvalJTF2otd1Yqt6cwlDiP9f0WcD6YgSDuuC6MHCfHhk2N96unEtTOrKe6qwx1Ue4YLeMuwghSWvgMXaNwg7_LtLdV6ScvKzwkPZEOyapTf7xypp86uRQG
2018-02-22T06:50:00Z,23.0,https://playground.fiesta-iot.eu/iot-registry/api/resources/5FiLUs0aTEC_VcWDJUWBBj07-FhK6CxuPGs4rXaq3awowjwDWJsxvpvFvEVd0wSyxgNdkNr-q1MOyCgI1FnsFLe9KU_xnqVV6ms-oiFW64vj6hnu04VZO7pNd67aTe-x
2018-02-22T06:50:00Z,27.0,https://playground.fiesta-iot.eu/iot-registry/api/resources/e4eLyXGHwPuGiMGfiwawteYsr6x7PnHrtgHEMfRJuMabgCxP85yFqte8bRo9UyD4maY2JzUOAjmuHeF3F7ssTYIn2TOiNzKtyWTtjDL-cH76FqBXWC2ftgnelb7ij3FO
2018-02-22T06:50:00Z,23.0,https://playground.fiesta-iot.eu/iot-registry/api/resources/sXsRGYAh8mX8ZXAvEFlcCu55pVZkdXL_jJojvrO6_6v97Cnncyii5xT8h0eJdGV5j6CUJA2ar5CnsjUa4RRMpDX3Fc8QG20akkpGAMlERYEY4EYje1rzyNylDORhWqj1
2018-02-22T06:50:00Z,31.0,https://playground.fiesta-iot.eu/iot-registry/api/resources/sCWgNBPXaWwkxHs7VEQodl-kAAJKa7n1erpqTbT_RdQzkaJIFNRvK5HiPMUxxDIqkr3cNYBBBsASLysIwTi8poxIGOnWGli7wAyqh1c3q02hX5S3MZVNuG-zgtVlu97o
2018-02-22T06:50:00Z,25.0,https://playground.fiesta-iot.eu/iot-registry/api/resources/Xncpa-L5Ra-c8kHgyZo06paZNlSRdXvqZOCeHB5u5guUoq1FsTbFJr2kSqmhv6X_j3Fpv4fa3czTt7rfMSpMNa5osLAp5oVWgNVTZd9YuUWO5FMBT6rL8JKp_c90I7Wb
2018-02-22T06:50:00Z,21.0,https://playground.fiesta-iot.eu/iot-registry/api/resources/V1YH-QeIGRfxCIIeINBrn-O2Aq9x2aRslRwrod34VLtizY9h2nUdRI-Y4SjTRqyu-dNuBsh_1JaO8ZBBlwFHDyQ6A7RyUrFxKnYS6SzYXCu8YZ2HqEtaeveNYUSdYIL3
2018-02-22T06:50:00Z,23.0,https://playground.fiesta-iot.eu/iot-registry/api/resources/KJdQsIGbyjvqUwmU_EJplf4pYFxZBEn1D9kbP8UX6pweGTfra4vmwd3svYj47OWObAUd_SG7wKOTrkYF8Bh2EeX63kbZ41c2ecystlNSbislEji_meb6Or-pfqlwtNUu
2018-02-22T06:50:00Z,32.0,https://playground.fiesta-iot.eu/iot-registry/api/resources/yMAOmm3zC7HDZUtYCKMx5k4Ti5C5hT7_S9ZHcScvbhRB3DHAZah1-rE65wI5tpb_hTO4Pp6ZofiALNw0P0BIoIZl_c5GE6dPJ7sn--_R2PyIxpFZm36YT0h-7jK3MVHP
2018-02-22T06:50:00Z,23.0,https://playground.fiesta-iot.eu/iot-registry/api/resources/VD51grLyIMr1yiyOCd3mhelFzrQ7icP3LU1dYu_b9y4EwoORayCitBucsTn0HCjDm2ZZFgXIzaUPX6e7Pr5P0UOjZ55VPpmYoJw6cmZbobrI-KEpr6moAP7xBFIsHW9-
2018-02-22T06:50:00Z,213.0,https://playground.fiesta-iot.eu/iot-registry/api/resources/KdwL6tX9v90f3mDZSPzhLrBf8ugbXSediTRFwd1dZFd-B5X1lBX8wJZMje1XsN6uYNtWSPoJVQohGF1A-Ytqv3dBdNrkFB0bB4521EeqyXhos72w5gVv23YUQojC8lSp
2018-02-22T06:50:00Z,23.0,https://playground.fiesta-iot.eu/iot-registry/api/resources/h1XKw7Nw21R8rtVF1fkeEO0zalYvqXYQr2fIVl9N-o7zxPze_b0MNaWOUE1lFXmMxzgetiHiUEBWyPJmlEzZAShWPGmYukkIp3ov8cfYkPnsFHDa9lbqn-HS7VZCoCUv
2018-02-22T06:50:00Z,28.0,https://playground.fiesta-iot.eu/iot-registry/api/resources/koHeE4wfk0y4s-YsggMi6cePW5tV0WQgImq_bWwEhS0ncJy8m6GO6qIW1o52eUrkmSFhBPOaKAoC_TrohyoNnQHMZkyNtt10zdDMo51_yHNjmM5krIBUUZ6F6uhk9Lfl
2018-02-22T06:50:00Z,27.0,https://playground.fiesta-iot.eu/iot-registry/api/resources/yeBlDF_1pPYNjYwOnTG00JhssXBiZVyN5lHKyqaBx8k5yspBMkpXVUfgpIQ03ufklU8xQrDAmYckZG90zJAgdywKWmJRaif5-hkpdoq2TOxkWBnchNFPWhVh6Apn4Bgc
2018-02-22T06:50:00Z,32.0,https://playground.fiesta-iot.eu/iot-registry/api/resources/arb5feLz0hVJmV4khAtxtmU4ZasbTizFCc2Q82WOBeJ7ObPinMfb-5dY9DqA04jHU80nlHBID7O5d7hhyBH5bXDHPzVJMpJ2I8x1Ju3xtr9ri4DYw0XlvyMZk3nyZUU9
2018-02-22T06:50:00Z,23.0,https://playground.fiesta-iot.eu/iot-registry/api/resources/MoJbp36FWcoHd09x8yvpGRbdfJ6R6GldhZxpyorDMfeHD7QbdjEUo4JkMOtUwZjxR6bshbpndQFy5vqMSBtCAiUPEAdQ-O5rsBvn36DHFkVoI3tExBnGqkpuFphngBVo
2018-02-22T06:50:00Z,30.0,https://playground.fiesta-iot.eu/iot-registry/api/resources/ORnt0eFjSUotSgFVOQeHpQthHvjY6vz9_LzOkV-BPkkBmCqZBVASLn8xb0ksAYgzNHl5dAzm0aMxgBuMCbeREB1rx2WLLl4ia9LsGpeejR9podvMrZNeWngN7YK7KMby
2018-02-22T06:50:00Z,23.0,https://playground.fiesta-iot.eu/iot-registry/api/resources/56ho0gf8mCdS-o-mUREhhfytOqloa-tNu-l0H2s5VtsQwfhcdFPw2GhBfjjU3WGI4dn_OTvCWqn-uvdwWwhH6lo9ECBzUIXvSxIUoYu57QNsscNKTQfN9_R_E_4gjOKM
2018-02-22T06:50:00Z,26.0,https://playground.fiesta-iot.eu/iot-registry/api/resources/aG9BmIcSlsu9uHb9HsN7Ac6UaIMwZzzTtLwgf4Q1jybodkcKDEneCOLFxPEDz1-hIqV2S_xXnuYLE1f3mgfmKpyEI0z5OCnBbLTAK_ewv12rKWFFpIH34jn4zJ5fRoqW
2018-02-22T06:50:00Z,328.0,https://playground.fiesta-iot.eu/iot-registry/api/resources/j7FkMmdJBXBPT6Y8GmcythgkDhRiLFfBlfQOOC3FEVaPGLd28zaiDM_tJ-8-Sl5jbCJGtk__mJmTD7XH7fAEfFckr7Dm6GsBkqlg1B-u_Dquzsh9RpuKdOCX0BFpuzI5
2018-02-22T06:50:00Z,27.0,https://playground.fiesta-iot.eu/iot-registry/api/resources/yc3lci3IcdobHr4oKV_SNYNKOgs-xptxLSYHEKvl4gFoq92zbXxc4M1IL2n50Dw1k5Ki_fVjp5ag5A59hQ6PBq4uCFEOGlDMCjnQD_CgZ2JgFuvfDPX6EpBdX8rk70gE
2018-02-22T06:50:00Z,279.0,https://playground.fiesta-iot.eu/iot-registry/api/resources/MPGM4eJOmLBB5SeVX6E9HWzqC1KjKLg87L48ZVGyU80D77mZXSEcWgck12rs504ierr9BOljDaxpdOJLcQrvP0-4Y30gDxfAje8djalU_5catGYBbPVnO_ewU5SUiH5A
2018-02-22T06:50:00Z,28.0,https://playground.fiesta-iot.eu/iot-registry/api/resources/CSO2y2cQU_LnJiz74e6yk_0g9o69PBsPYXK5WOb-x2iJuOSwg5VIVBUlyv-Y1kT2CIaOMfNQiTNOo37o1nygCwhmJV6Fd-ZGeuXkm3XpVP0zqeUcy9BIPh5Ld-A7VV3g
2018-02-22T06:50:00Z,32.0,https://playground.fiesta-iot.eu/iot-registry/api/resources/dfiCZSvOQ4HB4G9A0-574SI98VDa-rHw6XSelqruUR9-SbFZgqdhfZmFIPrcgzZ9S3FUmR0K2qp-Ex1ABBACj0ufT_l2wfV7WkpeJbvJIGDWrNOIEM4tx4_ImLd7IJBz
2018-02-22T06:50:00Z,311.0,https://playground.fiesta-iot.eu/iot-registry/api/resources/O07wufrWNvGVOw-Ax5sLvp4ku3ZBIa0yu9lqTOjkvLVMttKfVjnc2_M4gJE5qrdj85xmC2ggeAvS5JJaPriTsYvAMSazv7A3boJEJ0bbeVDii9BBa0tj3oUUJgRnKmbO
2018-02-22T06:50:00Z,201.0,https://playground.fiesta-iot.eu/iot-registry/api/resources/e1cuF-lDGkj65CiuAB_aTBGArbFWGOVK-rmlmP3TRCe3rqxWus42Wl2vO2t3C7yC8YurdoRr8GiWGTpq0mqWyv6-aALa5_gdvNXYR8dOHEDScelrZIHv5ac7fl2kF-AG
2018-02-22T06:50:00Z,28.0,https://playground.fiesta-iot.eu/iot-registry/api/resources/hR7y4NEgx7tJWb4QdSCI1Gx61m6G2v6GKrpkrvFX0ESmaoY49m02dbNJGxDEbtK5nBJ8Jqkrq2CG4gszLi2MusL4A01IjbsMr-SWXgQAATyFxhTQujF3f4KiLa0uyN8w
2018-02-22T06:50:00Z,23.0,https://playground.fiesta-iot.eu/iot-registry/api/resources/wuVbNPAfVV4QttJFXJ9H331iu7hOP6CA-oFDKdE_DsHzho2uxOABD9PWCnRRd4RXXQJmvWlIbA-FP6EFRTyI6ohh9H2VPl9MbmpycKFP5VXeMYUfkyZau5Lf4VFDLh_u
2018-02-22T06:50:56.942Z,28.57,https://playground.fiesta-iot.eu/iot-registry/api/resources/xjH8D9gqsPAeEWXONlQDhTLpAzqI1tCnwGvD5ENx3LE_AZPpKrcIvlLZ7UMX1PfZ379PwT5DaudylRQ7_JpWVYJgViGWIfX0vyRF_bL6lE4=
2018-02-22T06:52:07.597Z,23.21,https://playground.fiesta-iot.eu/iot-registry/api/resources/ldwjmmqo4_6-RQVCIutKqxzvuhdHlMKapA5GYbJYYyGmHvAke4u7h9QoNQfMZOoTgjYWGuIs2Hawo4Ias7mT8s1rJMFwPjoj_GM58F4it7k=
2018-02-22T06:52:23.884Z,21.67,https://playground.fiesta-iot.eu/iot-registry/api/resources/k5-3_gp4a1LlLj7NbkXE-fBYTaD0V5kmZuFAKU_XiCWVnUoDcTEYmHZbkE0s9qmNO2HPr2m_WUPIOwG-jBgadbxqgM7jIbFK4tBX2wvxV8M=
2018-02-22T06:52:26.192Z,29.0,https://playground.fiesta-iot.eu/iot-registry/api/resources/zvx-aKPDaoJEtOMXkP6CjiEfSUctDmFAZTZ6mbo715WMYiG0mh-yiV0O5Kvkd8x7eVwrY4xTAzNK8GQoPRa1wPgZ2-6Zh0n0gGyAld13Xkg=
2018-02-22T06:55:00Z,6.9,https://playground.fiesta-iot.eu/iot-registry/api/resources/z4eML_qbplF2Psbo77mIwGAXahddakX1GI3MFU7E1MZlRWGPB1ft_u9ENPhcE3crDamLIforhMuZZdBieMG5qQSLBD4I2JdoE35c8bs5QA2qPRwV-UDAP_8fZPu5nt5D
2018-02-22T06:56:35.937Z,21.39,https://playground.fiesta-iot.eu/iot-registry/api/resources/Huksuaia4wMd2SmtlomvLkIPfY0bhN3Pq7ak90SO0ANVlZmo47RnZcXrgrweHYly5bI8q1IXQrd-j3KtX5UeKeZ_2L-4nnnqb16vNFFbet4=
2018-02-22T06:57:26.092Z,15.52,https://playground.fiesta-iot.eu/iot-registry/api/resources/UQ3ntuvhadCnxNROiCAODjjv_6MgNnDTQQbZGtdU6PLRAXP0eYRc7wkIawseJU0IBnaoV-aUlYCTD0pzHTNAavYa-37EuEaRTZ9j21UoCTc=
2018-02-22T06:57:55.052Z,15.63,https://playground.fiesta-iot.eu/iot-registry/api/resources/XrGos2wFKHqgNQLcEKN45oXPmz46iiJlVdzjNWQuAiZhaiFtdBjv8ZpBqV6II2USaUXK8CIXqL2DUqNBIV3BdErgaLV5edZTBZQgLSww3QE=
2018-02-22T07:00:02.028Z,3.7,https://playground.fiesta-iot.eu/iot-registry/api/resources/FUIBUTUDCOdIfNX8hVyka6E1pmNgjLAuOA6XctHsoQe1AZCpnmuOxjnPZtnRjD-A
2018-02-22T07:00:04.202Z,30.18,https://playground.fiesta-iot.eu/iot-registry/api/resources/zvx-aKPDaoJEtOMXkP6CjiEfSUctDmFAZTZ6mbo715WMYiG0mh-yiV0O5Kvkd8x7eVwrY4xTAzNK8GQoPRa1wPgZ2-6Zh0n0gGyAld13Xkg=
2018-02-22T07:00:06.98Z,23.39,https://playground.fiesta-iot.eu/iot-registry/api/resources/ldwjmmqo4_6-RQVCIutKqxzvuhdHlMKapA5GYbJYYyGmHvAke4u7h9QoNQfMZOoTgjYWGuIs2Hawo4Ias7mT8s1rJMFwPjoj_GM58F4it7k=
2018-02-22T07:00:25.674Z,21.72,https://playground.fiesta-iot.eu/iot-registry/api/resources/k5-3_gp4a1LlLj7NbkXE-fBYTaD0V5kmZuFAKU_XiCWVnUoDcTEYmHZbkE0s9qmNO2HPr2m_WUPIOwG-jBgadbxqgM7jIbFK4tBX2wvxV8M=
2018-02-22T07:00:42.516Z,28.57,https://playground.fiesta-iot.eu/iot-registry/api/resources/xjH8D9gqsPAeEWXONlQDhTLpAzqI1tCnwGvD5ENx3LE_AZPpKrcIvlLZ7UMX1PfZ379PwT5DaudylRQ7_JpWVYJgViGWIfX0vyRF_bL6lE4=
2018-02-22T07:04:39.784Z,21.41,https://playground.fiesta-iot.eu/iot-registry/api/resources/Huksuaia4wMd2SmtlomvLkIPfY0bhN3Pq7ak90SO0ANVlZmo47RnZcXrgrweHYly5bI8q1IXQrd-j3KtX5UeKeZ_2L-4nnnqb16vNFFbet4=
2018-02-22T07:05:47.584Z,16.06,https://playground.fiesta-iot.eu/iot-registry/api/resources/XrGos2wFKHqgNQLcEKN45oXPmz46iiJlVdzjNWQuAiZhaiFtdBjv8ZpBqV6II2USaUXK8CIXqL2DUqNBIV3BdErgaLV5edZTBZQgLSww3QE=
2018-02-22T07:07:14.576Z,16.21,https://playground.fiesta-iot.eu/iot-registry/api/resources/UQ3ntuvhadCnxNROiCAODjjv_6MgNnDTQQbZGtdU6PLRAXP0eYRc7wkIawseJU0IBnaoV-aUlYCTD0pzHTNAavYa-37EuEaRTZ9j21UoCTc=
2018-02-22T07:08:36.671Z,32.86,https://playground.fiesta-iot.eu/iot-registry/api/resources/zvx-aKPDaoJEtOMXkP6CjiEfSUctDmFAZTZ6mbo715WMYiG0mh-yiV0O5Kvkd8x7eVwrY4xTAzNK8GQoPRa1wPgZ2-6Zh0n0gGyAld13Xkg=
2018-02-22T07:10:00Z,23.0,https://playground.fiesta-iot.eu/iot-registry/api/resources/W5du2EJzGl_ewNud-Atl4-2tRokwHzGKpubBb33Kifr5Omtbk16UmJXp_admjA0yu-HHPgroDOzU1tieEMXF5HMBw5oeV8gZcgbHJUAr5RdUi3ChbpBk7lZZC3zCx9aR
2018-02-22T07:10:00Z,21.0,https://playground.fiesta-iot.eu/iot-registry/api/resources/6mPmAjbOpKNVarPLLFFKtqvuNcup8MYi0AClsb_VeB7eLr7mulfITdjQzdCKgW8TdvUmCQTHIx3wF4Yfj718NY3B426zQeMJ-aERuevT872nZOjyoUdhfwWzXFo_GVeM
2018-02-22T07:10:00Z,24.0,https://playground.fiesta-iot.eu/iot-registry/api/resources/ZC0f9obdrfLNPvu61yiNg3SV6wiezEOAOqJH5rtrecYn8XzYRFSkeo-E3OFpf1wFiqg-RujUmgB8I3IEdZNcLUMmodKR-iiJr8ck1uDmRN3s5VFKUMZ9ffHl3VeYWdzn
2018-02-22T07:10:00Z,234.0,https://playground.fiesta-iot.eu/iot-registry/api/resources/asHvEiTyhMf9XL0NtzF-7rTIDgmDVdDRcaUaFG0c5g4K4gKtWaRO8a9hOcpaDOSbnJJU83YWyWxuQugti8u3gj3cVL-yQxp3jc2jJ1HTT5EnoxsDQXloR-18W9RWPVtw
2018-02-22T07:10:00Z,23.0,https://playground.fiesta-iot.eu/iot-registry/api/resources/nX2OutLKf0YvalJTF2otd1Yqt6cwlDiP9f0WcD6YgSDuuC6MHCfHhk2N96unEtTOrKe6qwx1Ue4YLeMuwghSWvgMXaNwg7_LtLdV6ScvKzwkPZEOyapTf7xypp86uRQG
2018-02-22T07:10:00Z,23.0,https://playground.fiesta-iot.eu/iot-registry/api/resources/5FiLUs0aTEC_VcWDJUWBBj07-FhK6CxuPGs4rXaq3awowjwDWJsxvpvFvEVd0wSyxgNdkNr-q1MOyCgI1FnsFLe9KU_xnqVV6ms-oiFW64vj6hnu04VZO7pNd67aTe-x
2018-02-22T07:10:00Z,28.0,https://playground.fiesta-iot.eu/iot-registry/api/resources/e4eLyXGHwPuGiMGfiwawteYsr6x7PnHrtgHEMfRJuMabgCxP85yFqte8bRo9UyD4maY2JzUOAjmuHeF3F7ssTYIn2TOiNzKtyWTtjDL-cH76FqBXWC2ftgnelb7ij3FO
2018-02-22T07:10:00Z,23.0,https://playground.fiesta-iot.eu/iot-registry/api/resources/sXsRGYAh8mX8ZXAvEFlcCu55pVZkdXL_jJojvrO6_6v97Cnncyii5xT8h0eJdGV5j6CUJA2ar5CnsjUa4RRMpDX3Fc8QG20akkpGAMlERYEY4EYje1rzyNylDORhWqj1
2018-02-22T07:10:00Z,31.0,https://playground.fiesta-iot.eu/iot-registry/api/resources/sCWgNBPXaWwkxHs7VEQodl-kAAJKa7n1erpqTbT_RdQzkaJIFNRvK5HiPMUxxDIqkr3cNYBBBsASLysIwTi8poxIGOnWGli7wAyqh1c3q02hX5S3MZVNuG-zgtVlu97o
2018-02-22T07:10:00Z,25.0,https://playground.fiesta-iot.eu/iot-registry/api/resources/Xncpa-L5Ra-c8kHgyZo06paZNlSRdXvqZOCeHB5u5guUoq1FsTbFJr2kSqmhv6X_j3Fpv4fa3czTt7rfMSpMNa5osLAp5oVWgNVTZd9YuUWO5FMBT6rL8JKp_c90I7Wb
2018-02-22T07:10:00Z,21.0,https://playground.fiesta-iot.eu/iot-registry/api/resources/V1YH-QeIGRfxCIIeINBrn-O2Aq9x2aRslRwrod34VLtizY9h2nUdRI-Y4SjTRqyu-dNuBsh_1JaO8ZBBlwFHDyQ6A7RyUrFxKnYS6SzYXCu8YZ2HqEtaeveNYUSdYIL3
2018-02-22T07:10:00Z,23.0,https://playground.fiesta-iot.eu/iot-registry/api/resources/KJdQsIGbyjvqUwmU_EJplf4pYFxZBEn1D9kbP8UX6pweGTfra4vmwd3svYj47OWObAUd_SG7wKOTrkYF8Bh2EeX63kbZ41c2ecystlNSbislEji_meb6Or-pfqlwtNUu
2018-02-22T07:10:00Z,32.0,https://playground.fiesta-iot.eu/iot-registry/api/resources/yMAOmm3zC7HDZUtYCKMx5k4Ti5C5hT7_S9ZHcScvbhRB3DHAZah1-rE65wI5tpb_hTO4Pp6ZofiALNw0P0BIoIZl_c5GE6dPJ7sn--_R2PyIxpFZm36YT0h-7jK3MVHP
2018-02-22T07:10:00Z,23.0,https://playground.fiesta-iot.eu/iot-registry/api/resources/VD51grLyIMr1yiyOCd3mhelFzrQ7icP3LU1dYu_b9y4EwoORayCitBucsTn0HCjDm2ZZFgXIzaUPX6e7Pr5P0UOjZ55VPpmYoJw6cmZbobrI-KEpr6moAP7xBFIsHW9-
2018-02-22T07:10:00Z,210.0,https://playground.fiesta-iot.eu/iot-registry/api/resources/KdwL6tX9v90f3mDZSPzhLrBf8ugbXSediTRFwd1dZFd-B5X1lBX8wJZMje1XsN6uYNtWSPoJVQohGF1A-Ytqv3dBdNrkFB0bB4521EeqyXhos72w5gVv23YUQojC8lSp
2018-02-22T07:10:00Z,23.0,https://playground.fiesta-iot.eu/iot-registry/api/resources/h1XKw7Nw21R8rtVF1fkeEO0zalYvqXYQr2fIVl9N-o7zxPze_b0MNaWOUE1lFXmMxzgetiHiUEBWyPJmlEzZAShWPGmYukkIp3ov8cfYkPnsFHDa9lbqn-HS7VZCoCUv
2018-02-22T07:10:00Z,28.0,https://playground.fiesta-iot.eu/iot-registry/api/resources/koHeE4wfk0y4s-YsggMi6cePW5tV0WQgImq_bWwEhS0ncJy8m6GO6qIW1o52eUrkmSFhBPOaKAoC_TrohyoNnQHMZkyNtt10zdDMo51_yHNjmM5krIBUUZ6F6uhk9Lfl
2018-02-22T07:10:00Z,27.0,https://playground.fiesta-iot.eu/iot-registry/api/resources/yeBlDF_1pPYNjYwOnTG00JhssXBiZVyN5lHKyqaBx8k5yspBMkpXVUfgpIQ03ufklU8xQrDAmYckZG90zJAgdywKWmJRaif5-hkpdoq2TOxkWBnchNFPWhVh6Apn4Bgc
2018-02-22T07:10:00Z,32.0,https://playground.fiesta-iot.eu/iot-registry/api/resources/arb5feLz0hVJmV4khAtxtmU4ZasbTizFCc2Q82WOBeJ7ObPinMfb-5dY9DqA04jHU80nlHBID7O5d7hhyBH5bXDHPzVJMpJ2I8x1Ju3xtr9ri4DYw0XlvyMZk3nyZUU9
2018-02-22T07:10:00Z,23.0,https://playground.fiesta-iot.eu/iot-registry/api/resources/MoJbp36FWcoHd09x8yvpGRbdfJ6R6GldhZxpyorDMfeHD7QbdjEUo4JkMOtUwZjxR6bshbpndQFy5vqMSBtCAiUPEAdQ-O5rsBvn36DHFkVoI3tExBnGqkpuFphngBVo
2018-02-22T07:10:00Z,30.0,https://playground.fiesta-iot.eu/iot-registry/api/resources/ORnt0eFjSUotSgFVOQeHpQthHvjY6vz9_LzOkV-BPkkBmCqZBVASLn8xb0ksAYgzNHl5dAzm0aMxgBuMCbeREB1rx2WLLl4ia9LsGpeejR9podvMrZNeWngN7YK7KMby
2018-02-22T07:10:00Z,23.0,https://playground.fiesta-iot.eu/iot-registry/api/resources/56ho0gf8mCdS-o-mUREhhfytOqloa-tNu-l0H2s5VtsQwfhcdFPw2GhBfjjU3WGI4dn_OTvCWqn-uvdwWwhH6lo9ECBzUIXvSxIUoYu57QNsscNKTQfN9_R_E_4gjOKM
2018-02-22T07:10:00Z,26.0,https://playground.fiesta-iot.eu/iot-registry/api/resources/aG9BmIcSlsu9uHb9HsN7Ac6UaIMwZzzTtLwgf4Q1jybodkcKDEneCOLFxPEDz1-hIqV2S_xXnuYLE1f3mgfmKpyEI0z5OCnBbLTAK_ewv12rKWFFpIH34jn4zJ5fRoqW
2018-02-22T07:10:00Z,325.0,https://playground.fiesta-iot.eu/iot-registry/api/resources/j7FkMmdJBXBPT6Y8GmcythgkDhRiLFfBlfQOOC3FEVaPGLd28zaiDM_tJ-8-Sl5jbCJGtk__mJmTD7XH7fAEfFckr7Dm6GsBkqlg1B-u_Dquzsh9RpuKdOCX0BFpuzI5
2018-02-22T07:10:00Z,27.0,https://playground.fiesta-iot.eu/iot-registry/api/resources/yc3lci3IcdobHr4oKV_SNYNKOgs-xptxLSYHEKvl4gFoq92zbXxc4M1IL2n50Dw1k5Ki_fVjp5ag5A59hQ6PBq4uCFEOGlDMCjnQD_CgZ2JgFuvfDPX6EpBdX8rk70gE
2018-02-22T07:10:00Z,277.0,https://playground.fiesta-iot.eu/iot-registry/api/resources/MPGM4eJOmLBB5SeVX6E9HWzqC1KjKLg87L48ZVGyU80D77mZXSEcWgck12rs504ierr9BOljDaxpdOJLcQrvP0-4Y30gDxfAje8djalU_5catGYBbPVnO_ewU5SUiH5A
2018-02-22T07:10:00Z,6.9,https://playground.fiesta-iot.eu/iot-registry/api/resources/z4eML_qbplF2Psbo77mIwGAXahddakX1GI3MFU7E1MZlRWGPB1ft_u9ENPhcE3crDamLIforhMuZZdBieMG5qQSLBD4I2JdoE35c8bs5QA2qPRwV-UDAP_8fZPu5nt5D
2018-02-22T07:10:00Z,28.0,https://playground.fiesta-iot.eu/iot-registry/api/resources/CSO2y2cQU_LnJiz74e6yk_0g9o69PBsPYXK5WOb-x2iJuOSwg5VIVBUlyv-Y1kT2CIaOMfNQiTNOo37o1nygCwhmJV6Fd-ZGeuXkm3XpVP0zqeUcy9BIPh5Ld-A7VV3g
2018-02-22T07:10:00Z,32.0,https://playground.fiesta-iot.eu/iot-registry/api/resources/dfiCZSvOQ4HB4G9A0-574SI98VDa-rHw6XSelqruUR9-SbFZgqdhfZmFIPrcgzZ9S3FUmR0K2qp-Ex1ABBACj0ufT_l2wfV7WkpeJbvJIGDWrNOIEM4tx4_ImLd7IJBz
2018-02-22T07:10:00Z,309.0,https://playground.fiesta-iot.eu/iot-registry/api/resources/O07wufrWNvGVOw-Ax5sLvp4ku3ZBIa0yu9lqTOjkvLVMttKfVjnc2_M4gJE5qrdj85xmC2ggeAvS5JJaPriTsYvAMSazv7A3boJEJ0bbeVDii9BBa0tj3oUUJgRnKmbO
2018-02-22T07:10:00Z,201.0,https://playground.fiesta-iot.eu/iot-registry/api/resources/e1cuF-lDGkj65CiuAB_aTBGArbFWGOVK-rmlmP3TRCe3rqxWus42Wl2vO2t3C7yC8YurdoRr8GiWGTpq0mqWyv6-aALa5_gdvNXYR8dOHEDScelrZIHv5ac7fl2kF-AG
2018-02-22T07:10:00Z,28.0,https://playground.fiesta-iot.eu/iot-registry/api/resources/hR7y4NEgx7tJWb4QdSCI1Gx61m6G2v6GKrpkrvFX0ESmaoY49m02dbNJGxDEbtK5nBJ8Jqkrq2CG4gszLi2MusL4A01IjbsMr-SWXgQAATyFxhTQujF3f4KiLa0uyN8w
2018-02-22T07:10:00Z,23.0,https://playground.fiesta-iot.eu/iot-registry/api/resources/wuVbNPAfVV4QttJFXJ9H331iu7hOP6CA-oFDKdE_DsHzho2uxOABD9PWCnRRd4RXXQJmvWlIbA-FP6EFRTyI6ohh9H2VPl9MbmpycKFP5VXeMYUfkyZau5Lf4VFDLh_u
2018-02-22T07:10:05.712Z,23.52,https://playground.fiesta-iot.eu/iot-registry/api/resources/ldwjmmqo4_6-RQVCIutKqxzvuhdHlMKapA5GYbJYYyGmHvAke4u7h9QoNQfMZOoTgjYWGuIs2Hawo4Ias7mT8s1rJMFwPjoj_GM58F4it7k=
2018-02-22T07:10:27.582Z,28.83,https://playground.fiesta-iot.eu/iot-registry/api/resources/xjH8D9gqsPAeEWXONlQDhTLpAzqI1tCnwGvD5ENx3LE_AZPpKrcIvlLZ7UMX1PfZ379PwT5DaudylRQ7_JpWVYJgViGWIfX0vyRF_bL6lE4=
2018-02-22T07:10:27.768Z,21.75,https://playground.fiesta-iot.eu/iot-registry/api/resources/k5-3_gp4a1LlLj7NbkXE-fBYTaD0V5kmZuFAKU_XiCWVnUoDcTEYmHZbkE0s9qmNO2HPr2m_WUPIOwG-jBgadbxqgM7jIbFK4tBX2wvxV8M=
2018-02-22T07:11:43.127Z,20.66,https://playground.fiesta-iot.eu/iot-registry/api/resources/FQTqx4w__wpO1iEav6H0CnQfOBUZSkhgtOokOc0hs08MXR1_WKPFd1WKEONSlPLp3RUOzvU4IkHtjpYHOtG5xPWB37uvMdxL11P9zIg7PDc=
2018-02-22T07:14:44.63Z,21.45,https://playground.fiesta-iot.eu/iot-registry/api/resources/Huksuaia4wMd2SmtlomvLkIPfY0bhN3Pq7ak90SO0ANVlZmo47RnZcXrgrweHYly5bI8q1IXQrd-j3KtX5UeKeZ_2L-4nnnqb16vNFFbet4=
2018-02-22T07:15:01.838Z,4.3,https://playground.fiesta-iot.eu/iot-registry/api/resources/FUIBUTUDCOdIfNX8hVyka6E1pmNgjLAuOA6XctHsoQe1AZCpnmuOxjnPZtnRjD-A
2018-02-22T07:15:04.228Z,16.59,https://playground.fiesta-iot.eu/iot-registry/api/resources/UQ3ntuvhadCnxNROiCAODjjv_6MgNnDTQQbZGtdU6PLRAXP0eYRc7wkIawseJU0IBnaoV-aUlYCTD0pzHTNAavYa-37EuEaRTZ9j21UoCTc=
2018-02-22T07:15:37.375Z,16.37,https://playground.fiesta-iot.eu/iot-registry/api/resources/XrGos2wFKHqgNQLcEKN45oXPmz46iiJlVdzjNWQuAiZhaiFtdBjv8ZpBqV6II2USaUXK8CIXqL2DUqNBIV3BdErgaLV5edZTBZQgLSww3QE=
2018-02-22T07:18:02.399Z,31.22,https://playground.fiesta-iot.eu/iot-registry/api/resources/zvx-aKPDaoJEtOMXkP6CjiEfSUctDmFAZTZ6mbo715WMYiG0mh-yiV0O5Kvkd8x7eVwrY4xTAzNK8GQoPRa1wPgZ2-6Zh0n0gGyAld13Xkg=
2018-02-22T07:18:04.535Z,23.66,https://playground.fiesta-iot.eu/iot-registry/api/resources/ldwjmmqo4_6-RQVCIutKqxzvuhdHlMKapA5GYbJYYyGmHvAke4u7h9QoNQfMZOoTgjYWGuIs2Hawo4Ias7mT8s1rJMFwPjoj_GM58F4it7k=
2018-02-22T07:18:15.148Z,28.94,https://playground.fiesta-iot.eu/iot-registry/api/resources/xjH8D9gqsPAeEWXONlQDhTLpAzqI1tCnwGvD5ENx3LE_AZPpKrcIvlLZ7UMX1PfZ379PwT5DaudylRQ7_JpWVYJgViGWIfX0vyRF_bL6lE4=
2018-02-22T07:18:29.164Z,21.88,https://playground.fiesta-iot.eu/iot-registry/api/resources/k5-3_gp4a1LlLj7NbkXE-fBYTaD0V5kmZuFAKU_XiCWVnUoDcTEYmHZbkE0s9qmNO2HPr2m_WUPIOwG-jBgadbxqgM7jIbFK4tBX2wvxV8M=
2018-02-22T07:20:03.564Z,21.2,https://playground.fiesta-iot.eu/iot-registry/api/resources/FQTqx4w__wpO1iEav6H0CnQfOBUZSkhgtOokOc0hs08MXR1_WKPFd1WKEONSlPLp3RUOzvU4IkHtjpYHOtG5xPWB37uvMdxL11P9zIg7PDc=
2018-02-22T07:22:48.434Z,21.5,https://playground.fiesta-iot.eu/iot-registry/api/resources/Huksuaia4wMd2SmtlomvLkIPfY0bhN3Pq7ak90SO0ANVlZmo47RnZcXrgrweHYly5bI8q1IXQrd-j3KtX5UeKeZ_2L-4nnnqb16vNFFbet4=
2018-02-22T07:24:50.366Z,17.18,https://playground.fiesta-iot.eu/iot-registry/api/resources/UQ3ntuvhadCnxNROiCAODjjv_6MgNnDTQQbZGtdU6PLRAXP0eYRc7wkIawseJU0IBnaoV-aUlYCTD0pzHTNAavYa-37EuEaRTZ9j21UoCTc=
2018-02-22T07:25:00Z,6.9,https://playground.fiesta-iot.eu/iot-registry/api/resources/z4eML_qbplF2Psbo77mIwGAXahddakX1GI3MFU7E1MZlRWGPB1ft_u9ENPhcE3crDamLIforhMuZZdBieMG5qQSLBD4I2JdoE35c8bs5QA2qPRwV-UDAP_8fZPu5nt5D
2018-02-22T07:25:26.345Z,16.68,https://playground.fiesta-iot.eu/iot-registry/api/resources/XrGos2wFKHqgNQLcEKN45oXPmz46iiJlVdzjNWQuAiZhaiFtdBjv8ZpBqV6II2USaUXK8CIXqL2DUqNBIV3BdErgaLV5edZTBZQgLSww3QE=
2018-02-22T07:27:59.072Z,28.91,https://playground.fiesta-iot.eu/iot-registry/api/resources/xjH8D9gqsPAeEWXONlQDhTLpAzqI1tCnwGvD5ENx3LE_AZPpKrcIvlLZ7UMX1PfZ379PwT5DaudylRQ7_JpWVYJgViGWIfX0vyRF_bL6lE4=
2018-02-22T07:28:02.709Z,23.72,https://playground.fiesta-iot.eu/iot-registry/api/resources/ldwjmmqo4_6-RQVCIutKqxzvuhdHlMKapA5GYbJYYyGmHvAke4u7h9QoNQfMZOoTgjYWGuIs2Hawo4Ias7mT8s1rJMFwPjoj_GM58F4it7k=
2018-02-22T07:28:24.257Z,29.12,https://playground.fiesta-iot.eu/iot-registry/api/resources/zvx-aKPDaoJEtOMXkP6CjiEfSUctDmFAZTZ6mbo715WMYiG0mh-yiV0O5Kvkd8x7eVwrY4xTAzNK8GQoPRa1wPgZ2-6Zh0n0gGyAld13Xkg=
2018-02-22T07:28:30.589Z,22.06,https://playground.fiesta-iot.eu/iot-registry/api/resources/k5-3_gp4a1LlLj7NbkXE-fBYTaD0V5kmZuFAKU_XiCWVnUoDcTEYmHZbkE0s9qmNO2HPr2m_WUPIOwG-jBgadbxqgM7jIbFK4tBX2wvxV8M=
2018-02-22T07:30:00Z,23.0,https://playground.fiesta-iot.eu/iot-registry/api/resources/W5du2EJzGl_ewNud-Atl4-2tRokwHzGKpubBb33Kifr5Omtbk16UmJXp_admjA0yu-HHPgroDOzU1tieEMXF5HMBw5oeV8gZcgbHJUAr5RdUi3ChbpBk7lZZC3zCx9aR
2018-02-22T07:30:00Z,21.0,https://playground.fiesta-iot.eu/iot-registry/api/resources/6mPmAjbOpKNVarPLLFFKtqvuNcup8MYi0AClsb_VeB7eLr7mulfITdjQzdCKgW8TdvUmCQTHIx3wF4Yfj718NY3B426zQeMJ-aERuevT872nZOjyoUdhfwWzXFo_GVeM
2018-02-22T07:30:00Z,23.0,https://playground.fiesta-iot.eu/iot-registry/api/resources/ZC0f9obdrfLNPvu61yiNg3SV6wiezEOAOqJH5rtrecYn8XzYRFSkeo-E3OFpf1wFiqg-RujUmgB8I3IEdZNcLUMmodKR-iiJr8ck1uDmRN3s5VFKUMZ9ffHl3VeYWdzn
2018-02-22T07:30:00Z,239.0,https://playground.fiesta-iot.eu/iot-registry/api/resources/asHvEiTyhMf9XL0NtzF-7rTIDgmDVdDRcaUaFG0c5g4K4gKtWaRO8a9hOcpaDOSbnJJU83YWyWxuQugti8u3gj3cVL-yQxp3jc2jJ1HTT5EnoxsDQXloR-18W9RWPVtw
2018-02-22T07:30:00Z,23.0,https://playground.fiesta-iot.eu/iot-registry/api/resources/nX2OutLKf0YvalJTF2otd1Yqt6cwlDiP9f0WcD6YgSDuuC6MHCfHhk2N96unEtTOrKe6qwx1Ue4YLeMuwghSWvgMXaNwg7_LtLdV6ScvKzwkPZEOyapTf7xypp86uRQG
2018-02-22T07:30:00Z,23.0,https://playground.fiesta-iot.eu/iot-registry/api/resources/5FiLUs0aTEC_VcWDJUWBBj07-FhK6CxuPGs4rXaq3awowjwDWJsxvpvFvEVd0wSyxgNdkNr-q1MOyCgI1FnsFLe9KU_xnqVV6ms-oiFW64vj6hnu04VZO7pNd67aTe-x
2018-02-22T07:30:00Z,28.0,https://playground.fiesta-iot.eu/iot-registry/api/resources/e4eLyXGHwPuGiMGfiwawteYsr6x7PnHrtgHEMfRJuMabgCxP85yFqte8bRo9UyD4maY2JzUOAjmuHeF3F7ssTYIn2TOiNzKtyWTtjDL-cH76FqBXWC2ftgnelb7ij3FO
2018-02-22T07:30:00Z,23.0,https://playground.fiesta-iot.eu/iot-registry/api/resources/sXsRGYAh8mX8ZXAvEFlcCu55pVZkdXL_jJojvrO6_6v97Cnncyii5xT8h0eJdGV5j6CUJA2ar5CnsjUa4RRMpDX3Fc8QG20akkpGAMlERYEY4EYje1rzyNylDORhWqj1
2018-02-22T07:30:00Z,31.0,https://playground.fiesta-iot.eu/iot-registry/api/resources/sCWgNBPXaWwkxHs7VEQodl-kAAJKa7n1erpqTbT_RdQzkaJIFNRvK5HiPMUxxDIqkr3cNYBBBsASLysIwTi8poxIGOnWGli7wAyqh1c3q02hX5S3MZVNuG-zgtVlu97o
2018-02-22T07:30:00Z,25.0,https://playground.fiesta-iot.eu/iot-registry/api/resources/Xncpa-L5Ra-c8kHgyZo06paZNlSRdXvqZOCeHB5u5guUoq1FsTbFJr2kSqmhv6X_j3Fpv4fa3czTt7rfMSpMNa5osLAp5oVWgNVTZd9YuUWO5FMBT6rL8JKp_c90I7Wb
2018-02-22T07:30:00Z,21.0,https://playground.fiesta-iot.eu/iot-registry/api/resources/V1YH-QeIGRfxCIIeINBrn-O2Aq9x2aRslRwrod34VLtizY9h2nUdRI-Y4SjTRqyu-dNuBsh_1JaO8ZBBlwFHDyQ6A7RyUrFxKnYS6SzYXCu8YZ2HqEtaeveNYUSdYIL3
2018-02-22T07:30:00Z,23.0,https://playground.fiesta-iot.eu/iot-registry/api/resources/KJdQsIGbyjvqUwmU_EJplf4pYFxZBEn1D9kbP8UX6pweGTfra4vmwd3svYj47OWObAUd_SG7wKOTrkYF8Bh2EeX63kbZ41c2ecystlNSbislEji_meb6Or-pfqlwtNUu
2018-02-22T07:30:00Z,32.0,https://playground.fiesta-iot.eu/iot-registry/api/resources/yMAOmm3zC7HDZUtYCKMx5k4Ti5C5hT7_S9ZHcScvbhRB3DHAZah1-rE65wI5tpb_hTO4Pp6ZofiALNw0P0BIoIZl_c5GE6dPJ7sn--_R2PyIxpFZm36YT0h-7jK3MVHP
2018-02-22T07:30:00Z,23.0,https://playground.fiesta-iot.eu/iot-registry/api/resources/VD51grLyIMr1yiyOCd3mhelFzrQ7icP3LU1dYu_b9y4EwoORayCitBucsTn0HCjDm2ZZFgXIzaUPX6e7Pr5P0UOjZ55VPpmYoJw6cmZbobrI-KEpr6moAP7xBFIsHW9-
2018-02-22T07:30:00Z,215.0,https://playground.fiesta-iot.eu/iot-registry/api/resources/KdwL6tX9v90f3mDZSPzhLrBf8ugbXSediTRFwd1dZFd-B5X1lBX8wJZMje1XsN6uYNtWSPoJVQohGF1A-Ytqv3dBdNrkFB0bB4521EeqyXhos72w5gVv23YUQojC8lSp
2018-02-22T07:30:00Z,23.0,https://playground.fiesta-iot.eu/iot-registry/api/resources/h1XKw7Nw21R8rtVF1fkeEO0zalYvqXYQr2fIVl9N-o7zxPze_b0MNaWOUE1lFXmMxzgetiHiUEBWyPJmlEzZAShWPGmYukkIp3ov8cfYkPnsFHDa9lbqn-HS7VZCoCUv
2018-02-22T07:30:00Z,28.0,https://playground.fiesta-iot.eu/iot-registry/api/resources/koHeE4wfk0y4s-YsggMi6cePW5tV0WQgImq_bWwEhS0ncJy8m6GO6qIW1o52eUrkmSFhBPOaKAoC_TrohyoNnQHMZkyNtt10zdDMo51_yHNjmM5krIBUUZ6F6uhk9Lfl
2018-02-22T07:30:00Z,27.0,https://playground.fiesta-iot.eu/iot-registry/api/resources/yeBlDF_1pPYNjYwOnTG00JhssXBiZVyN5lHKyqaBx8k5yspBMkpXVUfgpIQ03ufklU8xQrDAmYckZG90zJAgdywKWmJRaif5-hkpdoq2TOxkWBnchNFPWhVh6Apn4Bgc
2018-02-22T07:30:00Z,33.0,https://playground.fiesta-iot.eu/iot-registry/api/resources/arb5feLz0hVJmV4khAtxtmU4ZasbTizFCc2Q82WOBeJ7ObPinMfb-5dY9DqA04jHU80nlHBID7O5d7hhyBH5bXDHPzVJMpJ2I8x1Ju3xtr9ri4DYw0XlvyMZk3nyZUU9
2018-02-22T07:30:00Z,23.0,https://playground.fiesta-iot.eu/iot-registry/api/resources/MoJbp36FWcoHd09x8yvpGRbdfJ6R6GldhZxpyorDMfeHD7QbdjEUo4JkMOtUwZjxR6bshbpndQFy5vqMSBtCAiUPEAdQ-O5rsBvn36DHFkVoI3tExBnGqkpuFphngBVo
2018-02-22T07:30:00Z,30.0,https://playground.fiesta-iot.eu/iot-registry/api/resources/ORnt0eFjSUotSgFVOQeHpQthHvjY6vz9_LzOkV-BPkkBmCqZBVASLn8xb0ksAYgzNHl5dAzm0aMxgBuMCbeREB1rx2WLLl4ia9LsGpeejR9podvMrZNeWngN7YK7KMby
2018-02-22T07:30:00Z,23.0,https://playground.fiesta-iot.eu/iot-registry/api/resources/56ho0gf8mCdS-o-mUREhhfytOqloa-tNu-l0H2s5VtsQwfhcdFPw2GhBfjjU3WGI4dn_OTvCWqn-uvdwWwhH6lo9ECBzUIXvSxIUoYu57QNsscNKTQfN9_R_E_4gjOKM
2018-02-22T07:30:00Z,26.0,https://playground.fiesta-iot.eu/iot-registry/api/resources/aG9BmIcSlsu9uHb9HsN7Ac6UaIMwZzzTtLwgf4Q1jybodkcKDEneCOLFxPEDz1-hIqV2S_xXnuYLE1f3mgfmKpyEI0z5OCnBbLTAK_ewv12rKWFFpIH34jn4zJ5fRoqW
2018-02-22T07:30:00Z,334.0,https://playground.fiesta-iot.eu/iot-registry/api/resources/j7FkMmdJBXBPT6Y8GmcythgkDhRiLFfBlfQOOC3FEVaPGLd28zaiDM_tJ-8-Sl5jbCJGtk__mJmTD7XH7fAEfFckr7Dm6GsBkqlg1B-u_Dquzsh9RpuKdOCX0BFpuzI5
2018-02-22T07:30:00Z,28.0,https://playground.fiesta-iot.eu/iot-registry/api/resources/yc3lci3IcdobHr4oKV_SNYNKOgs-xptxLSYHEKvl4gFoq92zbXxc4M1IL2n50Dw1k5Ki_fVjp5ag5A59hQ6PBq4uCFEOGlDMCjnQD_CgZ2JgFuvfDPX6EpBdX8rk70gE
2018-02-22T07:30:00Z,279.0,https://playground.fiesta-iot.eu/iot-registry/api/resources/MPGM4eJOmLBB5SeVX6E9HWzqC1KjKLg87L48ZVGyU80D77mZXSEcWgck12rs504ierr9BOljDaxpdOJLcQrvP0-4Y30gDxfAje8djalU_5catGYBbPVnO_ewU5SUiH5A
2018-02-22T07:30:00Z,28.0,https://playground.fiesta-iot.eu/iot-registry/api/resources/CSO2y2cQU_LnJiz74e6yk_0g9o69PBsPYXK5WOb-x2iJuOSwg5VIVBUlyv-Y1kT2CIaOMfNQiTNOo37o1nygCwhmJV6Fd-ZGeuXkm3XpVP0zqeUcy9BIPh5Ld-A7VV3g
2018-02-22T07:30:00Z,32.0,https://playground.fiesta-iot.eu/iot-registry/api/resources/dfiCZSvOQ4HB4G9A0-574SI98VDa-rHw6XSelqruUR9-SbFZgqdhfZmFIPrcgzZ9S3FUmR0K2qp-Ex1ABBACj0ufT_l2wfV7WkpeJbvJIGDWrNOIEM4tx4_ImLd7IJBz
2018-02-22T07:30:00Z,317.0,https://playground.fiesta-iot.eu/iot-registry/api/resources/O07wufrWNvGVOw-Ax5sLvp4ku3ZBIa0yu9lqTOjkvLVMttKfVjnc2_M4gJE5qrdj85xmC2ggeAvS5JJaPriTsYvAMSazv7A3boJEJ0bbeVDii9BBa0tj3oUUJgRnKmbO
2018-02-22T07:30:00Z,202.0,https://playground.fiesta-iot.eu/iot-registry/api/resources/e1cuF-lDGkj65CiuAB_aTBGArbFWGOVK-rmlmP3TRCe3rqxWus42Wl2vO2t3C7yC8YurdoRr8GiWGTpq0mqWyv6-aALa5_gdvNXYR8dOHEDScelrZIHv5ac7fl2kF-AG
2018-02-22T07:30:00Z,28.0,https://playground.fiesta-iot.eu/iot-registry/api/resources/hR7y4NEgx7tJWb4QdSCI1Gx61m6G2v6GKrpkrvFX0ESmaoY49m02dbNJGxDEbtK5nBJ8Jqkrq2CG4gszLi2MusL4A01IjbsMr-SWXgQAATyFxhTQujF3f4KiLa0uyN8w
2018-02-22T07:30:00Z,23.0,https://playground.fiesta-iot.eu/iot-registry/api/resources/wuVbNPAfVV4QttJFXJ9H331iu7hOP6CA-oFDKdE_DsHzho2uxOABD9PWCnRRd4RXXQJmvWlIbA-FP6EFRTyI6ohh9H2VPl9MbmpycKFP5VXeMYUfkyZau5Lf4VFDLh_u
2018-02-22T07:30:00.862Z,4.5,https://playground.fiesta-iot.eu/iot-registry/api/resources/FUIBUTUDCOdIfNX8hVyka6E1pmNgjLAuOA6XctHsoQe1AZCpnmuOxjnPZtnRjD-A
2018-02-22T07:30:26.807Z,21.53,https://playground.fiesta-iot.eu/iot-registry/api/resources/FQTqx4w__wpO1iEav6H0CnQfOBUZSkhgtOokOc0hs08MXR1_WKPFd1WKEONSlPLp3RUOzvU4IkHtjpYHOtG5xPWB37uvMdxL11P9zIg7PDc=
2018-02-22T07:30:52.072Z,21.54,https://playground.fiesta-iot.eu/iot-registry/api/resources/Huksuaia4wMd2SmtlomvLkIPfY0bhN3Pq7ak90SO0ANVlZmo47RnZcXrgrweHYly5bI8q1IXQrd-j3KtX5UeKeZ_2L-4nnnqb16vNFFbet4=
2018-02-22T07:33:17Z,16.98,https://playground.fiesta-iot.eu/iot-registry/api/resources/XrGos2wFKHqgNQLcEKN45oXPmz46iiJlVdzjNWQuAiZhaiFtdBjv8ZpBqV6II2USaUXK8CIXqL2DUqNBIV3BdErgaLV5edZTBZQgLSww3QE=
2018-02-22T07:34:35.066Z,17.87,https://playground.fiesta-iot.eu/iot-registry/api/resources/UQ3ntuvhadCnxNROiCAODjjv_6MgNnDTQQbZGtdU6PLRAXP0eYRc7wkIawseJU0IBnaoV-aUlYCTD0pzHTNAavYa-37EuEaRTZ9j21UoCTc=
2018-02-22T07:36:01.243Z,23.68,https://playground.fiesta-iot.eu/iot-registry/api/resources/ldwjmmqo4_6-RQVCIutKqxzvuhdHlMKapA5GYbJYYyGmHvAke4u7h9QoNQfMZOoTgjYWGuIs2Hawo4Ias7mT8s1rJMFwPjoj_GM58F4it7k=
2018-02-22T07:36:25.938Z,26.77,https://playground.fiesta-iot.eu/iot-registry/api/resources/zvx-aKPDaoJEtOMXkP6CjiEfSUctDmFAZTZ6mbo715WMYiG0mh-yiV0O5Kvkd8x7eVwrY4xTAzNK8GQoPRa1wPgZ2-6Zh0n0gGyAld13Xkg=
2018-02-22T07:36:31.485Z,22.19,https://playground.fiesta-iot.eu/iot-registry/api/resources/k5-3_gp4a1LlLj7NbkXE-fBYTaD0V5kmZuFAKU_XiCWVnUoDcTEYmHZbkE0s9qmNO2HPr2m_WUPIOwG-jBgadbxqgM7jIbFK4tBX2wvxV8M=
2018-02-22T07:37:43.247Z,28.37,https://playground.fiesta-iot.eu/iot-registry/api/resources/xjH8D9gqsPAeEWXONlQDhTLpAzqI1tCnwGvD5ENx3LE_AZPpKrcIvlLZ7UMX1PfZ379PwT5DaudylRQ7_JpWVYJgViGWIfX0vyRF_bL6lE4=
2018-02-22T07:38:55.018Z,21.16,https://playground.fiesta-iot.eu/iot-registry/api/resources/FQTqx4w__wpO1iEav6H0CnQfOBUZSkhgtOokOc0hs08MXR1_WKPFd1WKEONSlPLp3RUOzvU4IkHtjpYHOtG5xPWB37uvMdxL11P9zIg7PDc=
2018-02-22T07:40:00Z,6.9,https://playground.fiesta-iot.eu/iot-registry/api/resources/z4eML_qbplF2Psbo77mIwGAXahddakX1GI3MFU7E1MZlRWGPB1ft_u9ENPhcE3crDamLIforhMuZZdBieMG5qQSLBD4I2JdoE35c8bs5QA2qPRwV-UDAP_8fZPu5nt5D
2018-02-22T07:40:56.55Z,21.61,https://playground.fiesta-iot.eu/iot-registry/api/resources/Huksuaia4wMd2SmtlomvLkIPfY0bhN3Pq7ak90SO0ANVlZmo47RnZcXrgrweHYly5bI8q1IXQrd-j3KtX5UeKeZ_2L-4nnnqb16vNFFbet4=
2018-02-22T07:42:21.803Z,18.54,https://playground.fiesta-iot.eu/iot-registry/api/resources/UQ3ntuvhadCnxNROiCAODjjv_6MgNnDTQQbZGtdU6PLRAXP0eYRc7wkIawseJU0IBnaoV-aUlYCTD0pzHTNAavYa-37EuEaRTZ9j21UoCTc=
2018-02-22T07:43:04.688Z,17.28,https://playground.fiesta-iot.eu/iot-registry/api/resources/XrGos2wFKHqgNQLcEKN45oXPmz46iiJlVdzjNWQuAiZhaiFtdBjv8ZpBqV6II2USaUXK8CIXqL2DUqNBIV3BdErgaLV5edZTBZQgLSww3QE=
2018-02-22T07:45:00.94Z,5.8,https://playground.fiesta-iot.eu/iot-registry/api/resources/FUIBUTUDCOdIfNX8hVyka6E1pmNgjLAuOA6XctHsoQe1AZCpnmuOxjnPZtnRjD-A
2018-02-22T07:45:27.954Z,27.29,https://playground.fiesta-iot.eu/iot-registry/api/resources/zvx-aKPDaoJEtOMXkP6CjiEfSUctDmFAZTZ6mbo715WMYiG0mh-yiV0O5Kvkd8x7eVwrY4xTAzNK8GQoPRa1wPgZ2-6Zh0n0gGyAld13Xkg=
2018-02-22T07:45:31.103Z,28.64,https://playground.fiesta-iot.eu/iot-registry/api/resources/xjH8D9gqsPAeEWXONlQDhTLpAzqI1tCnwGvD5ENx3LE_AZPpKrcIvlLZ7UMX1PfZ379PwT5DaudylRQ7_JpWVYJgViGWIfX0vyRF_bL6lE4=
2018-02-22T07:45:59.38Z,23.72,https://playground.fiesta-iot.eu/iot-registry/api/resources/ldwjmmqo4_6-RQVCIutKqxzvuhdHlMKapA5GYbJYYyGmHvAke4u7h9QoNQfMZOoTgjYWGuIs2Hawo4Ias7mT8s1rJMFwPjoj_GM58F4it7k=
2018-02-22T07:46:32.465Z,22.32,https://playground.fiesta-iot.eu/iot-registry/api/resources/k5-3_gp4a1LlLj7NbkXE-fBYTaD0V5kmZuFAKU_XiCWVnUoDcTEYmHZbkE0s9qmNO2HPr2m_WUPIOwG-jBgadbxqgM7jIbFK4tBX2wvxV8M=
2018-02-22T07:47:23.42Z,21.64,https://playground.fiesta-iot.eu/iot-registry/api/resources/FQTqx4w__wpO1iEav6H0CnQfOBUZSkhgtOokOc0hs08MXR1_WKPFd1WKEONSlPLp3RUOzvU4IkHtjpYHOtG5xPWB37uvMdxL11P9zIg7PDc=
2018-02-22T07:49:00Z,21.66,https://playground.fiesta-iot.eu/iot-registry/api/resources/Huksuaia4wMd2SmtlomvLkIPfY0bhN3Pq7ak90SO0ANVlZmo47RnZcXrgrweHYly5bI8q1IXQrd-j3KtX5UeKeZ_2L-4nnnqb16vNFFbet4=
2018-02-22T07:50:00Z,23.0,https://playground.fiesta-iot.eu/iot-registry/api/resources/W5du2EJzGl_ewNud-Atl4-2tRokwHzGKpubBb33Kifr5Omtbk16UmJXp_admjA0yu-HHPgroDOzU1tieEMXF5HMBw5oeV8gZcgbHJUAr5RdUi3ChbpBk7lZZC3zCx9aR
2018-02-22T07:50:00Z,21.0,https://playground.fiesta-iot.eu/iot-registry/api/resources/6mPmAjbOpKNVarPLLFFKtqvuNcup8MYi0AClsb_VeB7eLr7mulfITdjQzdCKgW8TdvUmCQTHIx3wF4Yfj718NY3B426zQeMJ-aERuevT872nZOjyoUdhfwWzXFo_GVeM
2018-02-22T07:50:00Z,23.0,https://playground.fiesta-iot.eu/iot-registry/api/resources/ZC0f9obdrfLNPvu61yiNg3SV6wiezEOAOqJH5rtrecYn8XzYRFSkeo-E3OFpf1wFiqg-RujUmgB8I3IEdZNcLUMmodKR-iiJr8ck1uDmRN3s5VFKUMZ9ffHl3VeYWdzn
2018-02-22T07:50:00Z,238.0,https://playground.fiesta-iot.eu/iot-registry/api/resources/asHvEiTyhMf9XL0NtzF-7rTIDgmDVdDRcaUaFG0c5g4K4gKtWaRO8a9hOcpaDOSbnJJU83YWyWxuQugti8u3gj3cVL-yQxp3jc2jJ1HTT5EnoxsDQXloR-18W9RWPVtw
2018-02-22T07:50:00Z,23.0,https://playground.fiesta-iot.eu/iot-registry/api/resources/nX2OutLKf0YvalJTF2otd1Yqt6cwlDiP9f0WcD6YgSDuuC6MHCfHhk2N96unEtTOrKe6qwx1Ue4YLeMuwghSWvgMXaNwg7_LtLdV6ScvKzwkPZEOyapTf7xypp86uRQG
2018-02-22T07:50:00Z,23.0,https://playground.fiesta-iot.eu/iot-registry/api/resources/5FiLUs0aTEC_VcWDJUWBBj07-FhK6CxuPGs4rXaq3awowjwDWJsxvpvFvEVd0wSyxgNdkNr-q1MOyCgI1FnsFLe9KU_xnqVV6ms-oiFW64vj6hnu04VZO7pNd67aTe-x
2018-02-22T07:50:00Z,27.0,https://playground.fiesta-iot.eu/iot-registry/api/resources/e4eLyXGHwPuGiMGfiwawteYsr6x7PnHrtgHEMfRJuMabgCxP85yFqte8bRo9UyD4maY2JzUOAjmuHeF3F7ssTYIn2TOiNzKtyWTtjDL-cH76FqBXWC2ftgnelb7ij3FO
2018-02-22T07:50:00Z,23.0,https://playground.fiesta-iot.eu/iot-registry/api/resources/sXsRGYAh8mX8ZXAvEFlcCu55pVZkdXL_jJojvrO6_6v97Cnncyii5xT8h0eJdGV5j6CUJA2ar5CnsjUa4RRMpDX3Fc8QG20akkpGAMlERYEY4EYje1rzyNylDORhWqj1
2018-02-22T07:50:00Z,31.0,https://playground.fiesta-iot.eu/iot-registry/api/resources/sCWgNBPXaWwkxHs7VEQodl-kAAJKa7n1erpqTbT_RdQzkaJIFNRvK5HiPMUxxDIqkr3cNYBBBsASLysIwTi8poxIGOnWGli7wAyqh1c3q02hX5S3MZVNuG-zgtVlu97o
2018-02-22T07:50:00Z,25.0,https://playground.fiesta-iot.eu/iot-registry/api/resources/Xncpa-L5Ra-c8kHgyZo06paZNlSRdXvqZOCeHB5u5guUoq1FsTbFJr2kSqmhv6X_j3Fpv4fa3czTt7rfMSpMNa5osLAp5oVWgNVTZd9YuUWO5FMBT6rL8JKp_c90I7Wb
2018-02-22T07:50:00Z,21.0,https://playground.fiesta-iot.eu/iot-registry/api/resources/V1YH-QeIGRfxCIIeINBrn-O2Aq9x2aRslRwrod34VLtizY9h2nUdRI-Y4SjTRqyu-dNuBsh_1JaO8ZBBlwFHDyQ6A7RyUrFxKnYS6SzYXCu8YZ2HqEtaeveNYUSdYIL3
2018-02-22T07:50:00Z,23.0,https://playground.fiesta-iot.eu/iot-registry/api/resources/KJdQsIGbyjvqUwmU_EJplf4pYFxZBEn1D9kbP8UX6pweGTfra4vmwd3svYj47OWObAUd_SG7wKOTrkYF8Bh2EeX63kbZ41c2ecystlNSbislEji_meb6Or-pfqlwtNUu
2018-02-22T07:50:00Z,32.0,https://playground.fiesta-iot.eu/iot-registry/api/resources/yMAOmm3zC7HDZUtYCKMx5k4Ti5C5hT7_S9ZHcScvbhRB3DHAZah1-rE65wI5tpb_hTO4Pp6ZofiALNw0P0BIoIZl_c5GE6dPJ7sn--_R2PyIxpFZm36YT0h-7jK3MVHP
2018-02-22T07:50:00Z,23.0,https://playground.fiesta-iot.eu/iot-registry/api/resources/VD51grLyIMr1yiyOCd3mhelFzrQ7icP3LU1dYu_b9y4EwoORayCitBucsTn0HCjDm2ZZFgXIzaUPX6e7Pr5P0UOjZ55VPpmYoJw6cmZbobrI-KEpr6moAP7xBFIsHW9-
2018-02-22T07:50:00Z,212.0,https://playground.fiesta-iot.eu/iot-registry/api/resources/KdwL6tX9v90f3mDZSPzhLrBf8ugbXSediTRFwd1dZFd-B5X1lBX8wJZMje1XsN6uYNtWSPoJVQohGF1A-Ytqv3dBdNrkFB0bB4521EeqyXhos72w5gVv23YUQojC8lSp
2018-02-22T07:50:00Z,23.0,https://playground.fiesta-iot.eu/iot-registry/api/resources/h1XKw7Nw21R8rtVF1fkeEO0zalYvqXYQr2fIVl9N-o7zxPze_b0MNaWOUE1lFXmMxzgetiHiUEBWyPJmlEzZAShWPGmYukkIp3ov8cfYkPnsFHDa9lbqn-HS7VZCoCUv
2018-02-22T07:50:00Z,28.0,https://playground.fiesta-iot.eu/iot-registry/api/resources/koHeE4wfk0y4s-YsggMi6cePW5tV0WQgImq_bWwEhS0ncJy8m6GO6qIW1o52eUrkmSFhBPOaKAoC_TrohyoNnQHMZkyNtt10zdDMo51_yHNjmM5krIBUUZ6F6uhk9Lfl
2018-02-22T07:50:00Z,27.0,https://playground.fiesta-iot.eu/iot-registry/api/resources/yeBlDF_1pPYNjYwOnTG00JhssXBiZVyN5lHKyqaBx8k5yspBMkpXVUfgpIQ03ufklU8xQrDAmYckZG90zJAgdywKWmJRaif5-hkpdoq2TOxkWBnchNFPWhVh6Apn4Bgc
2018-02-22T07:50:00Z,33.0,https://playground.fiesta-iot.eu/iot-registry/api/resources/arb5feLz0hVJmV4khAtxtmU4ZasbTizFCc2Q82WOBeJ7ObPinMfb-5dY9DqA04jHU80nlHBID7O5d7hhyBH5bXDHPzVJMpJ2I8x1Ju3xtr9ri4DYw0XlvyMZk3nyZUU9
2018-02-22T07:50:00Z,23.0,https://playground.fiesta-iot.eu/iot-registry/api/resources/MoJbp36FWcoHd09x8yvpGRbdfJ6R6GldhZxpyorDMfeHD7QbdjEUo4JkMOtUwZjxR6bshbpndQFy5vqMSBtCAiUPEAdQ-O5rsBvn36DHFkVoI3tExBnGqkpuFphngBVo
2018-02-22T07:50:00Z,31.0,https://playground.fiesta-iot.eu/iot-registry/api/resources/ORnt0eFjSUotSgFVOQeHpQthHvjY6vz9_LzOkV-BPkkBmCqZBVASLn8xb0ksAYgzNHl5dAzm0aMxgBuMCbeREB1rx2WLLl4ia9LsGpeejR9podvMrZNeWngN7YK7KMby
2018-02-22T07:50:00Z,23.0,https://playground.fiesta-iot.eu/iot-registry/api/resources/56ho0gf8mCdS-o-mUREhhfytOqloa-tNu-l0H2s5VtsQwfhcdFPw2GhBfjjU3WGI4dn_OTvCWqn-uvdwWwhH6lo9ECBzUIXvSxIUoYu57QNsscNKTQfN9_R_E_4gjOKM
2018-02-22T07:50:00Z,26.0,https://playground.fiesta-iot.eu/iot-registry/api/resources/aG9BmIcSlsu9uHb9HsN7Ac6UaIMwZzzTtLwgf4Q1jybodkcKDEneCOLFxPEDz1-hIqV2S_xXnuYLE1f3mgfmKpyEI0z5OCnBbLTAK_ewv12rKWFFpIH34jn4zJ5fRoqW
2018-02-22T07:50:00Z,335.0,https://playground.fiesta-iot.eu/iot-registry/api/resources/j7FkMmdJBXBPT6Y8GmcythgkDhRiLFfBlfQOOC3FEVaPGLd28zaiDM_tJ-8-Sl5jbCJGtk__mJmTD7XH7fAEfFckr7Dm6GsBkqlg1B-u_Dquzsh9RpuKdOCX0BFpuzI5
2018-02-22T07:50:00Z,28.0,https://playground.fiesta-iot.eu/iot-registry/api/resources/yc3lci3IcdobHr4oKV_SNYNKOgs-xptxLSYHEKvl4gFoq92zbXxc4M1IL2n50Dw1k5Ki_fVjp5ag5A59hQ6PBq4uCFEOGlDMCjnQD_CgZ2JgFuvfDPX6EpBdX8rk70gE
2018-02-22T07:50:00Z,276.0,https://playground.fiesta-iot.eu/iot-registry/api/resources/MPGM4eJOmLBB5SeVX6E9HWzqC1KjKLg87L48ZVGyU80D77mZXSEcWgck12rs504ierr9BOljDaxpdOJLcQrvP0-4Y30gDxfAje8djalU_5catGYBbPVnO_ewU5SUiH5A
2018-02-22T07:50:00Z,28.0,https://playground.fiesta-iot.eu/iot-registry/api/resources/CSO2y2cQU_LnJiz74e6yk_0g9o69PBsPYXK5WOb-x2iJuOSwg5VIVBUlyv-Y1kT2CIaOMfNQiTNOo37o1nygCwhmJV6Fd-ZGeuXkm3XpVP0zqeUcy9BIPh5Ld-A7VV3g
2018-02-22T07:50:00Z,32.0,https://playground.fiesta-iot.eu/iot-registry/api/resources/dfiCZSvOQ4HB4G9A0-574SI98VDa-rHw6XSelqruUR9-SbFZgqdhfZmFIPrcgzZ9S3FUmR0K2qp-Ex1ABBACj0ufT_l2wfV7WkpeJbvJIGDWrNOIEM4tx4_ImLd7IJBz
2018-02-22T07:50:00Z,310.0,https://playground.fiesta-iot.eu/iot-registry/api/resources/O07wufrWNvGVOw-Ax5sLvp4ku3ZBIa0yu9lqTOjkvLVMttKfVjnc2_M4gJE5qrdj85xmC2ggeAvS5JJaPriTsYvAMSazv7A3boJEJ0bbeVDii9BBa0tj3oUUJgRnKmbO
2018-02-22T07:50:00Z,199.0,https://playground.fiesta-iot.eu/iot-registry/api/resources/e1cuF-lDGkj65CiuAB_aTBGArbFWGOVK-rmlmP3TRCe3rqxWus42Wl2vO2t3C7yC8YurdoRr8GiWGTpq0mqWyv6-aALa5_gdvNXYR8dOHEDScelrZIHv5ac7fl2kF-AG
2018-02-22T07:50:00Z,28.0,https://playground.fiesta-iot.eu/iot-registry/api/resources/hR7y4NEgx7tJWb4QdSCI1Gx61m6G2v6GKrpkrvFX0ESmaoY49m02dbNJGxDEbtK5nBJ8Jqkrq2CG4gszLi2MusL4A01IjbsMr-SWXgQAATyFxhTQujF3f4KiLa0uyN8w
2018-02-22T07:50:00Z,23.0,https://playground.fiesta-iot.eu/iot-registry/api/resources/wuVbNPAfVV4QttJFXJ9H331iu7hOP6CA-oFDKdE_DsHzho2uxOABD9PWCnRRd4RXXQJmvWlIbA-FP6EFRTyI6ohh9H2VPl9MbmpycKFP5VXeMYUfkyZau5Lf4VFDLh_u
2018-02-22T07:50:54.464Z,17.48,https://playground.fiesta-iot.eu/iot-registry/api/resources/XrGos2wFKHqgNQLcEKN45oXPmz46iiJlVdzjNWQuAiZhaiFtdBjv8ZpBqV6II2USaUXK8CIXqL2DUqNBIV3BdErgaLV5edZTBZQgLSww3QE=
2018-02-22T07:52:03.883Z,19.28,https://playground.fiesta-iot.eu/iot-registry/api/resources/UQ3ntuvhadCnxNROiCAODjjv_6MgNnDTQQbZGtdU6PLRAXP0eYRc7wkIawseJU0IBnaoV-aUlYCTD0pzHTNAavYa-37EuEaRTZ9j21UoCTc=
2018-02-22T07:53:57.692Z,23.68,https://playground.fiesta-iot.eu/iot-registry/api/resources/ldwjmmqo4_6-RQVCIutKqxzvuhdHlMKapA5GYbJYYyGmHvAke4u7h9QoNQfMZOoTgjYWGuIs2Hawo4Ias7mT8s1rJMFwPjoj_GM58F4it7k=
2018-02-22T07:54:32.532Z,22.36,https://playground.fiesta-iot.eu/iot-registry/api/resources/k5-3_gp4a1LlLj7NbkXE-fBYTaD0V5kmZuFAKU_XiCWVnUoDcTEYmHZbkE0s9qmNO2HPr2m_WUPIOwG-jBgadbxqgM7jIbFK4tBX2wvxV8M=
2018-02-22T07:54:58.702Z,26.43,https://playground.fiesta-iot.eu/iot-registry/api/resources/zvx-aKPDaoJEtOMXkP6CjiEfSUctDmFAZTZ6mbo715WMYiG0mh-yiV0O5Kvkd8x7eVwrY4xTAzNK8GQoPRa1wPgZ2-6Zh0n0gGyAld13Xkg=
2018-02-22T07:55:00Z,6.8,https://playground.fiesta-iot.eu/iot-registry/api/resources/z4eML_qbplF2Psbo77mIwGAXahddakX1GI3MFU7E1MZlRWGPB1ft_u9ENPhcE3crDamLIforhMuZZdBieMG5qQSLBD4I2JdoE35c8bs5QA2qPRwV-UDAP_8fZPu5nt5D
2018-02-22T07:55:15.599Z,28.74,https://playground.fiesta-iot.eu/iot-registry/api/resources/xjH8D9gqsPAeEWXONlQDhTLpAzqI1tCnwGvD5ENx3LE_AZPpKrcIvlLZ7UMX1PfZ379PwT5DaudylRQ7_JpWVYJgViGWIfX0vyRF_bL6lE4=
2018-02-22T07:55:50.353Z,22.0,https://playground.fiesta-iot.eu/iot-registry/api/resources/FQTqx4w__wpO1iEav6H0CnQfOBUZSkhgtOokOc0hs08MXR1_WKPFd1WKEONSlPLp3RUOzvU4IkHtjpYHOtG5xPWB37uvMdxL11P9zIg7PDc=
2018-02-22T07:59:04.247Z,21.72,https://playground.fiesta-iot.eu/iot-registry/api/resources/Huksuaia4wMd2SmtlomvLkIPfY0bhN3Pq7ak90SO0ANVlZmo47RnZcXrgrweHYly5bI8q1IXQrd-j3KtX5UeKeZ_2L-4nnnqb16vNFFbet4=
2018-02-22T08:00:00.956Z,6.7,https://playground.fiesta-iot.eu/iot-registry/api/resources/FUIBUTUDCOdIfNX8hVyka6E1pmNgjLAuOA6XctHsoQe1AZCpnmuOxjnPZtnRjD-A
2018-02-22T08:00:41.074Z,17.56,https://playground.fiesta-iot.eu/iot-registry/api/resources/XrGos2wFKHqgNQLcEKN45oXPmz46iiJlVdzjNWQuAiZhaiFtdBjv8ZpBqV6II2USaUXK8CIXqL2DUqNBIV3BdErgaLV5edZTBZQgLSww3QE=
2018-02-22T08:01:44.764Z,19.91,https://playground.fiesta-iot.eu/iot-registry/api/resources/UQ3ntuvhadCnxNROiCAODjjv_6MgNnDTQQbZGtdU6PLRAXP0eYRc7wkIawseJU0IBnaoV-aUlYCTD0pzHTNAavYa-37EuEaRTZ9j21UoCTc=
2018-02-22T08:03:03.171Z,28.56,https://playground.fiesta-iot.eu/iot-registry/api/resources/xjH8D9gqsPAeEWXONlQDhTLpAzqI1tCnwGvD5ENx3LE_AZPpKrcIvlLZ7UMX1PfZ379PwT5DaudylRQ7_JpWVYJgViGWIfX0vyRF_bL6lE4=
2018-02-22T08:03:33.095Z,28.51,https://playground.fiesta-iot.eu/iot-registry/api/resources/zvx-aKPDaoJEtOMXkP6CjiEfSUctDmFAZTZ6mbo715WMYiG0mh-yiV0O5Kvkd8x7eVwrY4xTAzNK8GQoPRa1wPgZ2-6Zh0n0gGyAld13Xkg=
2018-02-22T08:03:55.631Z,23.63,https://playground.fiesta-iot.eu/iot-registry/api/resources/ldwjmmqo4_6-RQVCIutKqxzvuhdHlMKapA5GYbJYYyGmHvAke4u7h9QoNQfMZOoTgjYWGuIs2Hawo4Ias7mT8s1rJMFwPjoj_GM58F4it7k=
2018-02-22T08:04:32.831Z,22.41,https://playground.fiesta-iot.eu/iot-registry/api/resources/k5-3_gp4a1LlLj7NbkXE-fBYTaD0V5kmZuFAKU_XiCWVnUoDcTEYmHZbkE0s9qmNO2HPr2m_WUPIOwG-jBgadbxqgM7jIbFK4tBX2wvxV8M=
2018-02-22T08:06:23.666Z,22.43,https://playground.fiesta-iot.eu/iot-registry/api/resources/FQTqx4w__wpO1iEav6H0CnQfOBUZSkhgtOokOc0hs08MXR1_WKPFd1WKEONSlPLp3RUOzvU4IkHtjpYHOtG5xPWB37uvMdxL11P9zIg7PDc=
2018-02-22T08:07:07.406Z,21.77,https://playground.fiesta-iot.eu/iot-registry/api/resources/Huksuaia4wMd2SmtlomvLkIPfY0bhN3Pq7ak90SO0ANVlZmo47RnZcXrgrweHYly5bI8q1IXQrd-j3KtX5UeKeZ_2L-4nnnqb16vNFFbet4=
2018-02-22T08:09:28.618Z,20.5,https://playground.fiesta-iot.eu/iot-registry/api/resources/UQ3ntuvhadCnxNROiCAODjjv_6MgNnDTQQbZGtdU6PLRAXP0eYRc7wkIawseJU0IBnaoV-aUlYCTD0pzHTNAavYa-37EuEaRTZ9j21UoCTc=
2018-02-22T08:10:00Z,23.0,https://playground.fiesta-iot.eu/iot-registry/api/resources/W5du2EJzGl_ewNud-Atl4-2tRokwHzGKpubBb33Kifr5Omtbk16UmJXp_admjA0yu-HHPgroDOzU1tieEMXF5HMBw5oeV8gZcgbHJUAr5RdUi3ChbpBk7lZZC3zCx9aR
2018-02-22T08:10:00Z,21.0,https://playground.fiesta-iot.eu/iot-registry/api/resources/6mPmAjbOpKNVarPLLFFKtqvuNcup8MYi0AClsb_VeB7eLr7mulfITdjQzdCKgW8TdvUmCQTHIx3wF4Yfj718NY3B426zQeMJ-aERuevT872nZOjyoUdhfwWzXFo_GVeM
2018-02-22T08:10:00Z,23.0,https://playground.fiesta-iot.eu/iot-registry/api/resources/ZC0f9obdrfLNPvu61yiNg3SV6wiezEOAOqJH5rtrecYn8XzYRFSkeo-E3OFpf1wFiqg-RujUmgB8I3IEdZNcLUMmodKR-iiJr8ck1uDmRN3s5VFKUMZ9ffHl3VeYWdzn
2018-02-22T08:10:00Z,238.0,https://playground.fiesta-iot.eu/iot-registry/api/resources/asHvEiTyhMf9XL0NtzF-7rTIDgmDVdDRcaUaFG0c5g4K4gKtWaRO8a9hOcpaDOSbnJJU83YWyWxuQugti8u3gj3cVL-yQxp3jc2jJ1HTT5EnoxsDQXloR-18W9RWPVtw
2018-02-22T08:10:00Z,23.0,https://playground.fiesta-iot.eu/iot-registry/api/resources/nX2OutLKf0YvalJTF2otd1Yqt6cwlDiP9f0WcD6YgSDuuC6MHCfHhk2N96unEtTOrKe6qwx1Ue4YLeMuwghSWvgMXaNwg7_LtLdV6ScvKzwkPZEOyapTf7xypp86uRQG
2018-02-22T08:10:00Z,23.0,https://playground.fiesta-iot.eu/iot-registry/api/resources/5FiLUs0aTEC_VcWDJUWBBj07-FhK6CxuPGs4rXaq3awowjwDWJsxvpvFvEVd0wSyxgNdkNr-q1MOyCgI1FnsFLe9KU_xnqVV6ms-oiFW64vj6hnu04VZO7pNd67aTe-x
2018-02-22T08:10:00Z,27.0,https://playground.fiesta-iot.eu/iot-registry/api/resources/e4eLyXGHwPuGiMGfiwawteYsr6x7PnHrtgHEMfRJuMabgCxP85yFqte8bRo9UyD4maY2JzUOAjmuHeF3F7ssTYIn2TOiNzKtyWTtjDL-cH76FqBXWC2ftgnelb7ij3FO
2018-02-22T08:10:00Z,23.0,https://playground.fiesta-iot.eu/iot-registry/api/resources/sXsRGYAh8mX8ZXAvEFlcCu55pVZkdXL_jJojvrO6_6v97Cnncyii5xT8h0eJdGV5j6CUJA2ar5CnsjUa4RRMpDX3Fc8QG20akkpGAMlERYEY4EYje1rzyNylDORhWqj1
2018-02-22T08:10:00Z,31.0,https://playground.fiesta-iot.eu/iot-registry/api/resources/sCWgNBPXaWwkxHs7VEQodl-kAAJKa7n1erpqTbT_RdQzkaJIFNRvK5HiPMUxxDIqkr3cNYBBBsASLysIwTi8poxIGOnWGli7wAyqh1c3q02hX5S3MZVNuG-zgtVlu97o
2018-02-22T08:10:00Z,25.0,https://playground.fiesta-iot.eu/iot-registry/api/resources/Xncpa-L5Ra-c8kHgyZo06paZNlSRdXvqZOCeHB5u5guUoq1FsTbFJr2kSqmhv6X_j3Fpv4fa3czTt7rfMSpMNa5osLAp5oVWgNVTZd9YuUWO5FMBT6rL8JKp_c90I7Wb
2018-02-22T08:10:00Z,21.0,https://playground.fiesta-iot.eu/iot-registry/api/resources/V1YH-QeIGRfxCIIeINBrn-O2Aq9x2aRslRwrod34VLtizY9h2nUdRI-Y4SjTRqyu-dNuBsh_1JaO8ZBBlwFHDyQ6A7RyUrFxKnYS6SzYXCu8YZ2HqEtaeveNYUSdYIL3
2018-02-22T08:10:00Z,23.0,https://playground.fiesta-iot.eu/iot-registry/api/resources/KJdQsIGbyjvqUwmU_EJplf4pYFxZBEn1D9kbP8UX6pweGTfra4vmwd3svYj47OWObAUd_SG7wKOTrkYF8Bh2EeX63kbZ41c2ecystlNSbislEji_meb6Or-pfqlwtNUu
2018-02-22T08:10:00Z,33.0,https://playground.fiesta-iot.eu/iot-registry/api/resources/yMAOmm3zC7HDZUtYCKMx5k4Ti5C5hT7_S9ZHcScvbhRB3DHAZah1-rE65wI5tpb_hTO4Pp6ZofiALNw0P0BIoIZl_c5GE6dPJ7sn--_R2PyIxpFZm36YT0h-7jK3MVHP
2018-02-22T08:10:00Z,23.0,https://playground.fiesta-iot.eu/iot-registry/api/resources/VD51grLyIMr1yiyOCd3mhelFzrQ7icP3LU1dYu_b9y4EwoORayCitBucsTn0HCjDm2ZZFgXIzaUPX6e7Pr5P0UOjZ55VPpmYoJw6cmZbobrI-KEpr6moAP7xBFIsHW9-
2018-02-22T08:10:00Z,215.0,https://playground.fiesta-iot.eu/iot-registry/api/resources/KdwL6tX9v90f3mDZSPzhLrBf8ugbXSediTRFwd1dZFd-B5X1lBX8wJZMje1XsN6uYNtWSPoJVQohGF1A-Ytqv3dBdNrkFB0bB4521EeqyXhos72w5gVv23YUQojC8lSp
2018-02-22T08:10:00Z,23.0,https://playground.fiesta-iot.eu/iot-registry/api/resources/h1XKw7Nw21R8rtVF1fkeEO0zalYvqXYQr2fIVl9N-o7zxPze_b0MNaWOUE1lFXmMxzgetiHiUEBWyPJmlEzZAShWPGmYukkIp3ov8cfYkPnsFHDa9lbqn-HS7VZCoCUv
2018-02-22T08:10:00Z,28.0,https://playground.fiesta-iot.eu/iot-registry/api/resources/koHeE4wfk0y4s-YsggMi6cePW5tV0WQgImq_bWwEhS0ncJy8m6GO6qIW1o52eUrkmSFhBPOaKAoC_TrohyoNnQHMZkyNtt10zdDMo51_yHNjmM5krIBUUZ6F6uhk9Lfl
2018-02-22T08:10:00Z,27.0,https://playground.fiesta-iot.eu/iot-registry/api/resources/yeBlDF_1pPYNjYwOnTG00JhssXBiZVyN5lHKyqaBx8k5yspBMkpXVUfgpIQ03ufklU8xQrDAmYckZG90zJAgdywKWmJRaif5-hkpdoq2TOxkWBnchNFPWhVh6Apn4Bgc
2018-02-22T08:10:00Z,33.0,https://playground.fiesta-iot.eu/iot-registry/api/resources/arb5feLz0hVJmV4khAtxtmU4ZasbTizFCc2Q82WOBeJ7ObPinMfb-5dY9DqA04jHU80nlHBID7O5d7hhyBH5bXDHPzVJMpJ2I8x1Ju3xtr9ri4DYw0XlvyMZk3nyZUU9
2018-02-22T08:10:00Z,23.0,https://playground.fiesta-iot.eu/iot-registry/api/resources/MoJbp36FWcoHd09x8yvpGRbdfJ6R6GldhZxpyorDMfeHD7QbdjEUo4JkMOtUwZjxR6bshbpndQFy5vqMSBtCAiUPEAdQ-O5rsBvn36DHFkVoI3tExBnGqkpuFphngBVo
2018-02-22T08:10:00Z,31.0,https://playground.fiesta-iot.eu/iot-registry/api/resources/ORnt0eFjSUotSgFVOQeHpQthHvjY6vz9_LzOkV-BPkkBmCqZBVASLn8xb0ksAYgzNHl5dAzm0aMxgBuMCbeREB1rx2WLLl4ia9LsGpeejR9podvMrZNeWngN7YK7KMby
2018-02-22T08:10:00Z,23.0,https://playground.fiesta-iot.eu/iot-registry/api/resources/56ho0gf8mCdS-o-mUREhhfytOqloa-tNu-l0H2s5VtsQwfhcdFPw2GhBfjjU3WGI4dn_OTvCWqn-uvdwWwhH6lo9ECBzUIXvSxIUoYu57QNsscNKTQfN9_R_E_4gjOKM
2018-02-22T08:10:00Z,26.0,https://playground.fiesta-iot.eu/iot-registry/api/resources/aG9BmIcSlsu9uHb9HsN7Ac6UaIMwZzzTtLwgf4Q1jybodkcKDEneCOLFxPEDz1-hIqV2S_xXnuYLE1f3mgfmKpyEI0z5OCnBbLTAK_ewv12rKWFFpIH34jn4zJ5fRoqW
2018-02-22T08:10:00Z,334.0,https://playground.fiesta-iot.eu/iot-registry/api/resources/j7FkMmdJBXBPT6Y8GmcythgkDhRiLFfBlfQOOC3FEVaPGLd28zaiDM_tJ-8-Sl5jbCJGtk__mJmTD7XH7fAEfFckr7Dm6GsBkqlg1B-u_Dquzsh9RpuKdOCX0BFpuzI5
2018-02-22T08:10:00Z,28.0,https://playground.fiesta-iot.eu/iot-registry/api/resources/yc3lci3IcdobHr4oKV_SNYNKOgs-xptxLSYHEKvl4gFoq92zbXxc4M1IL2n50Dw1k5Ki_fVjp5ag5A59hQ6PBq4uCFEOGlDMCjnQD_CgZ2JgFuvfDPX6EpBdX8rk70gE
2018-02-22T08:10:00Z,278.0,https://playground.fiesta-iot.eu/iot-registry/api/resources/MPGM4eJOmLBB5SeVX6E9HWzqC1KjKLg87L48ZVGyU80D77mZXSEcWgck12rs504ierr9BOljDaxpdOJLcQrvP0-4Y30gDxfAje8djalU_5catGYBbPVnO_ewU5SUiH5A
2018-02-22T08:10:00Z,6.8,https://playground.fiesta-iot.eu/iot-registry/api/resources/z4eML_qbplF2Psbo77mIwGAXahddakX1GI3MFU7E1MZlRWGPB1ft_u9ENPhcE3crDamLIforhMuZZdBieMG5qQSLBD4I2JdoE35c8bs5QA2qPRwV-UDAP_8fZPu5nt5D
2018-02-22T08:10:00Z,28.0,https://playground.fiesta-iot.eu/iot-registry/api/resources/CSO2y2cQU_LnJiz74e6yk_0g9o69PBsPYXK5WOb-x2iJuOSwg5VIVBUlyv-Y1kT2CIaOMfNQiTNOo37o1nygCwhmJV6Fd-ZGeuXkm3XpVP0zqeUcy9BIPh5Ld-A7VV3g
2018-02-22T08:10:00Z,32.0,https://playground.fiesta-iot.eu/iot-registry/api/resources/dfiCZSvOQ4HB4G9A0-574SI98VDa-rHw6XSelqruUR9-SbFZgqdhfZmFIPrcgzZ9S3FUmR0K2qp-Ex1ABBACj0ufT_l2wfV7WkpeJbvJIGDWrNOIEM4tx4_ImLd7IJBz
2018-02-22T08:10:00Z,314.0,https://playground.fiesta-iot.eu/iot-registry/api/resources/O07wufrWNvGVOw-Ax5sLvp4ku3ZBIa0yu9lqTOjkvLVMttKfVjnc2_M4gJE5qrdj85xmC2ggeAvS5JJaPriTsYvAMSazv7A3boJEJ0bbeVDii9BBa0tj3oUUJgRnKmbO
2018-02-22T08:10:00Z,199.0,https://playground.fiesta-iot.eu/iot-registry/api/resources/e1cuF-lDGkj65CiuAB_aTBGArbFWGOVK-rmlmP3TRCe3rqxWus42Wl2vO2t3C7yC8YurdoRr8GiWGTpq0mqWyv6-aALa5_gdvNXYR8dOHEDScelrZIHv5ac7fl2kF-AG
2018-02-22T08:10:00Z,28.0,https://playground.fiesta-iot.eu/iot-registry/api/resources/hR7y4NEgx7tJWb4QdSCI1Gx61m6G2v6GKrpkrvFX0ESmaoY49m02dbNJGxDEbtK5nBJ8Jqkrq2CG4gszLi2MusL4A01IjbsMr-SWXgQAATyFxhTQujF3f4KiLa0uyN8w
2018-02-22T08:10:00Z,23.0,https://playground.fiesta-iot.eu/iot-registry/api/resources/wuVbNPAfVV4QttJFXJ9H331iu7hOP6CA-oFDKdE_DsHzho2uxOABD9PWCnRRd4RXXQJmvWlIbA-FP6EFRTyI6ohh9H2VPl9MbmpycKFP5VXeMYUfkyZau5Lf4VFDLh_u
2018-02-22T08:10:27.336Z,17.71,https://playground.fiesta-iot.eu/iot-registry/api/resources/XrGos2wFKHqgNQLcEKN45oXPmz46iiJlVdzjNWQuAiZhaiFtdBjv8ZpBqV6II2USaUXK8CIXqL2DUqNBIV3BdErgaLV5edZTBZQgLSww3QE=
2018-02-22T08:11:53.964Z,23.68,https://playground.fiesta-iot.eu/iot-registry/api/resources/ldwjmmqo4_6-RQVCIutKqxzvuhdHlMKapA5GYbJYYyGmHvAke4u7h9QoNQfMZOoTgjYWGuIs2Hawo4Ias7mT8s1rJMFwPjoj_GM58F4it7k=
2018-02-22T08:12:33.027Z,22.43,https://playground.fiesta-iot.eu/iot-registry/api/resources/k5-3_gp4a1LlLj7NbkXE-fBYTaD0V5kmZuFAKU_XiCWVnUoDcTEYmHZbkE0s9qmNO2HPr2m_WUPIOwG-jBgadbxqgM7jIbFK4tBX2wvxV8M=
2018-02-22T08:12:33.851Z,28.59,https://playground.fiesta-iot.eu/iot-registry/api/resources/zvx-aKPDaoJEtOMXkP6CjiEfSUctDmFAZTZ6mbo715WMYiG0mh-yiV0O5Kvkd8x7eVwrY4xTAzNK8GQoPRa1wPgZ2-6Zh0n0gGyAld13Xkg=
2018-02-22T08:12:47.534Z,28.9,https://playground.fiesta-iot.eu/iot-registry/api/resources/xjH8D9gqsPAeEWXONlQDhTLpAzqI1tCnwGvD5ENx3LE_AZPpKrcIvlLZ7UMX1PfZ379PwT5DaudylRQ7_JpWVYJgViGWIfX0vyRF_bL6lE4=
2018-02-22T08:14:50.311Z,22.25,https://playground.fiesta-iot.eu/iot-registry/api/resources/FQTqx4w__wpO1iEav6H0CnQfOBUZSkhgtOokOc0hs08MXR1_WKPFd1WKEONSlPLp3RUOzvU4IkHtjpYHOtG5xPWB37uvMdxL11P9zIg7PDc=
2018-02-22T08:17:11.282Z,21.84,https://playground.fiesta-iot.eu/iot-registry/api/resources/Huksuaia4wMd2SmtlomvLkIPfY0bhN3Pq7ak90SO0ANVlZmo47RnZcXrgrweHYly5bI8q1IXQrd-j3KtX5UeKeZ_2L-4nnnqb16vNFFbet4=
2018-02-22T08:18:15.918Z,17.64,https://playground.fiesta-iot.eu/iot-registry/api/resources/XrGos2wFKHqgNQLcEKN45oXPmz46iiJlVdzjNWQuAiZhaiFtdBjv8ZpBqV6II2USaUXK8CIXqL2DUqNBIV3BdErgaLV5edZTBZQgLSww3QE=
2018-02-22T08:19:07.259Z,21.46,https://playground.fiesta-iot.eu/iot-registry/api/resources/UQ3ntuvhadCnxNROiCAODjjv_6MgNnDTQQbZGtdU6PLRAXP0eYRc7wkIawseJU0IBnaoV-aUlYCTD0pzHTNAavYa-37EuEaRTZ9j21UoCTc=
2018-02-22T08:21:06.098Z,30.19,https://playground.fiesta-iot.eu/iot-registry/api/resources/zvx-aKPDaoJEtOMXkP6CjiEfSUctDmFAZTZ6mbo715WMYiG0mh-yiV0O5Kvkd8x7eVwrY4xTAzNK8GQoPRa1wPgZ2-6Zh0n0gGyAld13Xkg=
2018-02-22T08:21:52.5Z,23.56,https://playground.fiesta-iot.eu/iot-registry/api/resources/ldwjmmqo4_6-RQVCIutKqxzvuhdHlMKapA5GYbJYYyGmHvAke4u7h9QoNQfMZOoTgjYWGuIs2Hawo4Ias7mT8s1rJMFwPjoj_GM58F4it7k=
2018-02-22T08:22:31.528Z,28.72,https://playground.fiesta-iot.eu/iot-registry/api/resources/xjH8D9gqsPAeEWXONlQDhTLpAzqI1tCnwGvD5ENx3LE_AZPpKrcIvlLZ7UMX1PfZ379PwT5DaudylRQ7_JpWVYJgViGWIfX0vyRF_bL6lE4=
2018-02-22T08:22:33.32Z,22.42,https://playground.fiesta-iot.eu/iot-registry/api/resources/k5-3_gp4a1LlLj7NbkXE-fBYTaD0V5kmZuFAKU_XiCWVnUoDcTEYmHZbkE0s9qmNO2HPr2m_WUPIOwG-jBgadbxqgM7jIbFK4tBX2wvxV8M=
2018-02-22T08:23:17.883Z,22.17,https://playground.fiesta-iot.eu/iot-registry/api/resources/FQTqx4w__wpO1iEav6H0CnQfOBUZSkhgtOokOc0hs08MXR1_WKPFd1WKEONSlPLp3RUOzvU4IkHtjpYHOtG5xPWB37uvMdxL11P9zIg7PDc=
2018-02-22T08:25:00Z,7.0,https://playground.fiesta-iot.eu/iot-registry/api/resources/z4eML_qbplF2Psbo77mIwGAXahddakX1GI3MFU7E1MZlRWGPB1ft_u9ENPhcE3crDamLIforhMuZZdBieMG5qQSLBD4I2JdoE35c8bs5QA2qPRwV-UDAP_8fZPu5nt5D
2018-02-22T08:25:14.103Z,21.88,https://playground.fiesta-iot.eu/iot-registry/api/resources/Huksuaia4wMd2SmtlomvLkIPfY0bhN3Pq7ak90SO0ANVlZmo47RnZcXrgrweHYly5bI8q1IXQrd-j3KtX5UeKeZ_2L-4nnnqb16vNFFbet4=
2018-02-22T08:28:01.218Z,17.44,https://playground.fiesta-iot.eu/iot-registry/api/resources/XrGos2wFKHqgNQLcEKN45oXPmz46iiJlVdzjNWQuAiZhaiFtdBjv8ZpBqV6II2USaUXK8CIXqL2DUqNBIV3BdErgaLV5edZTBZQgLSww3QE=
2018-02-22T08:28:44.496Z,22.5,https://playground.fiesta-iot.eu/iot-registry/api/resources/UQ3ntuvhadCnxNROiCAODjjv_6MgNnDTQQbZGtdU6PLRAXP0eYRc7wkIawseJU0IBnaoV-aUlYCTD0pzHTNAavYa-37EuEaRTZ9j21UoCTc=
2018-02-22T08:30:00Z,23.0,https://playground.fiesta-iot.eu/iot-registry/api/resources/W5du2EJzGl_ewNud-Atl4-2tRokwHzGKpubBb33Kifr5Omtbk16UmJXp_admjA0yu-HHPgroDOzU1tieEMXF5HMBw5oeV8gZcgbHJUAr5RdUi3ChbpBk7lZZC3zCx9aR
2018-02-22T08:30:00Z,21.0,https://playground.fiesta-iot.eu/iot-registry/api/resources/6mPmAjbOpKNVarPLLFFKtqvuNcup8MYi0AClsb_VeB7eLr7mulfITdjQzdCKgW8TdvUmCQTHIx3wF4Yfj718NY3B426zQeMJ-aERuevT872nZOjyoUdhfwWzXFo_GVeM
2018-02-22T08:30:00Z,24.0,https://playground.fiesta-iot.eu/iot-registry/api/resources/ZC0f9obdrfLNPvu61yiNg3SV6wiezEOAOqJH5rtrecYn8XzYRFSkeo-E3OFpf1wFiqg-RujUmgB8I3IEdZNcLUMmodKR-iiJr8ck1uDmRN3s5VFKUMZ9ffHl3VeYWdzn
2018-02-22T08:30:00Z,239.0,https://playground.fiesta-iot.eu/iot-registry/api/resources/asHvEiTyhMf9XL0NtzF-7rTIDgmDVdDRcaUaFG0c5g4K4gKtWaRO8a9hOcpaDOSbnJJU83YWyWxuQugti8u3gj3cVL-yQxp3jc2jJ1HTT5EnoxsDQXloR-18W9RWPVtw
2018-02-22T08:30:00Z,23.0,https://playground.fiesta-iot.eu/iot-registry/api/resources/nX2OutLKf0YvalJTF2otd1Yqt6cwlDiP9f0WcD6YgSDuuC6MHCfHhk2N96unEtTOrKe6qwx1Ue4YLeMuwghSWvgMXaNwg7_LtLdV6ScvKzwkPZEOyapTf7xypp86uRQG
2018-02-22T08:30:00Z,23.0,https://playground.fiesta-iot.eu/iot-registry/api/resources/5FiLUs0aTEC_VcWDJUWBBj07-FhK6CxuPGs4rXaq3awowjwDWJsxvpvFvEVd0wSyxgNdkNr-q1MOyCgI1FnsFLe9KU_xnqVV6ms-oiFW64vj6hnu04VZO7pNd67aTe-x
2018-02-22T08:30:00Z,27.0,https://playground.fiesta-iot.eu/iot-registry/api/resources/e4eLyXGHwPuGiMGfiwawteYsr6x7PnHrtgHEMfRJuMabgCxP85yFqte8bRo9UyD4maY2JzUOAjmuHeF3F7ssTYIn2TOiNzKtyWTtjDL-cH76FqBXWC2ftgnelb7ij3FO
2018-02-22T08:30:00Z,23.0,https://playground.fiesta-iot.eu/iot-registry/api/resources/sXsRGYAh8mX8ZXAvEFlcCu55pVZkdXL_jJojvrO6_6v97Cnncyii5xT8h0eJdGV5j6CUJA2ar5CnsjUa4RRMpDX3Fc8QG20akkpGAMlERYEY4EYje1rzyNylDORhWqj1
2018-02-22T08:30:00Z,31.0,https://playground.fiesta-iot.eu/iot-registry/api/resources/sCWgNBPXaWwkxHs7VEQodl-kAAJKa7n1erpqTbT_RdQzkaJIFNRvK5HiPMUxxDIqkr3cNYBBBsASLysIwTi8poxIGOnWGli7wAyqh1c3q02hX5S3MZVNuG-zgtVlu97o
2018-02-22T08:30:00Z,25.0,https://playground.fiesta-iot.eu/iot-registry/api/resources/Xncpa-L5Ra-c8kHgyZo06paZNlSRdXvqZOCeHB5u5guUoq1FsTbFJr2kSqmhv6X_j3Fpv4fa3czTt7rfMSpMNa5osLAp5oVWgNVTZd9YuUWO5FMBT6rL8JKp_c90I7Wb
2018-02-22T08:30:00Z,21.0,https://playground.fiesta-iot.eu/iot-registry/api/resources/V1YH-QeIGRfxCIIeINBrn-O2Aq9x2aRslRwrod34VLtizY9h2nUdRI-Y4SjTRqyu-dNuBsh_1JaO8ZBBlwFHDyQ6A7RyUrFxKnYS6SzYXCu8YZ2HqEtaeveNYUSdYIL3
2018-02-22T08:30:00Z,23.0,https://playground.fiesta-iot.eu/iot-registry/api/resources/KJdQsIGbyjvqUwmU_EJplf4pYFxZBEn1D9kbP8UX6pweGTfra4vmwd3svYj47OWObAUd_SG7wKOTrkYF8Bh2EeX63kbZ41c2ecystlNSbislEji_meb6Or-pfqlwtNUu
2018-02-22T08:30:00Z,33.0,https://playground.fiesta-iot.eu/iot-registry/api/resources/yMAOmm3zC7HDZUtYCKMx5k4Ti5C5hT7_S9ZHcScvbhRB3DHAZah1-rE65wI5tpb_hTO4Pp6ZofiALNw0P0BIoIZl_c5GE6dPJ7sn--_R2PyIxpFZm36YT0h-7jK3MVHP
2018-02-22T08:30:00Z,23.0,https://playground.fiesta-iot.eu/iot-registry/api/resources/VD51grLyIMr1yiyOCd3mhelFzrQ7icP3LU1dYu_b9y4EwoORayCitBucsTn0HCjDm2ZZFgXIzaUPX6e7Pr5P0UOjZ55VPpmYoJw6cmZbobrI-KEpr6moAP7xBFIsHW9-
2018-02-22T08:30:00Z,217.0,https://playground.fiesta-iot.eu/iot-registry/api/resources/KdwL6tX9v90f3mDZSPzhLrBf8ugbXSediTRFwd1dZFd-B5X1lBX8wJZMje1XsN6uYNtWSPoJVQohGF1A-Ytqv3dBdNrkFB0bB4521EeqyXhos72w5gVv23YUQojC8lSp
2018-02-22T08:30:00Z,23.0,https://playground.fiesta-iot.eu/iot-registry/api/resources/h1XKw7Nw21R8rtVF1fkeEO0zalYvqXYQr2fIVl9N-o7zxPze_b0MNaWOUE1lFXmMxzgetiHiUEBWyPJmlEzZAShWPGmYukkIp3ov8cfYkPnsFHDa9lbqn-HS7VZCoCUv
2018-02-22T08:30:00Z,28.0,https://playground.fiesta-iot.eu/iot-registry/api/resources/koHeE4wfk0y4s-YsggMi6cePW5tV0WQgImq_bWwEhS0ncJy8m6GO6qIW1o52eUrkmSFhBPOaKAoC_TrohyoNnQHMZkyNtt10zdDMo51_yHNjmM5krIBUUZ6F6uhk9Lfl
2018-02-22T08:30:00Z,27.0,https://playground.fiesta-iot.eu/iot-registry/api/resources/yeBlDF_1pPYNjYwOnTG00JhssXBiZVyN5lHKyqaBx8k5yspBMkpXVUfgpIQ03ufklU8xQrDAmYckZG90zJAgdywKWmJRaif5-hkpdoq2TOxkWBnchNFPWhVh6Apn4Bgc
2018-02-22T08:30:00Z,33.0,https://playground.fiesta-iot.eu/iot-registry/api/resources/arb5feLz0hVJmV4khAtxtmU4ZasbTizFCc2Q82WOBeJ7ObPinMfb-5dY9DqA04jHU80nlHBID7O5d7hhyBH5bXDHPzVJMpJ2I8x1Ju3xtr9ri4DYw0XlvyMZk3nyZUU9
2018-02-22T08:30:00Z,23.0,https://playground.fiesta-iot.eu/iot-registry/api/resources/MoJbp36FWcoHd09x8yvpGRbdfJ6R6GldhZxpyorDMfeHD7QbdjEUo4JkMOtUwZjxR6bshbpndQFy5vqMSBtCAiUPEAdQ-O5rsBvn36DHFkVoI3tExBnGqkpuFphngBVo
2018-02-22T08:30:00Z,30.0,https://playground.fiesta-iot.eu/iot-registry/api/resources/ORnt0eFjSUotSgFVOQeHpQthHvjY6vz9_LzOkV-BPkkBmCqZBVASLn8xb0ksAYgzNHl5dAzm0aMxgBuMCbeREB1rx2WLLl4ia9LsGpeejR9podvMrZNeWngN7YK7KMby
2018-02-22T08:30:00Z,23.0,https://playground.fiesta-iot.eu/iot-registry/api/resources/56ho0gf8mCdS-o-mUREhhfytOqloa-tNu-l0H2s5VtsQwfhcdFPw2GhBfjjU3WGI4dn_OTvCWqn-uvdwWwhH6lo9ECBzUIXvSxIUoYu57QNsscNKTQfN9_R_E_4gjOKM
2018-02-22T08:30:00Z,26.0,https://playground.fiesta-iot.eu/iot-registry/api/resources/aG9BmIcSlsu9uHb9HsN7Ac6UaIMwZzzTtLwgf4Q1jybodkcKDEneCOLFxPEDz1-hIqV2S_xXnuYLE1f3mgfmKpyEI0z5OCnBbLTAK_ewv12rKWFFpIH34jn4zJ5fRoqW
2018-02-22T08:30:00Z,335.0,https://playground.fiesta-iot.eu/iot-registry/api/resources/j7FkMmdJBXBPT6Y8GmcythgkDhRiLFfBlfQOOC3FEVaPGLd28zaiDM_tJ-8-Sl5jbCJGtk__mJmTD7XH7fAEfFckr7Dm6GsBkqlg1B-u_Dquzsh9RpuKdOCX0BFpuzI5
2018-02-22T08:30:00Z,27.0,https://playground.fiesta-iot.eu/iot-registry/api/resources/yc3lci3IcdobHr4oKV_SNYNKOgs-xptxLSYHEKvl4gFoq92zbXxc4M1IL2n50Dw1k5Ki_fVjp5ag5A59hQ6PBq4uCFEOGlDMCjnQD_CgZ2JgFuvfDPX6EpBdX8rk70gE
2018-02-22T08:30:00Z,279.0,https://playground.fiesta-iot.eu/iot-registry/api/resources/MPGM4eJOmLBB5SeVX6E9HWzqC1KjKLg87L48ZVGyU80D77mZXSEcWgck12rs504ierr9BOljDaxpdOJLcQrvP0-4Y30gDxfAje8djalU_5catGYBbPVnO_ewU5SUiH5A
2018-02-22T08:30:00Z,28.0,https://playground.fiesta-iot.eu/iot-registry/api/resources/CSO2y2cQU_LnJiz74e6yk_0g9o69PBsPYXK5WOb-x2iJuOSwg5VIVBUlyv-Y1kT2CIaOMfNQiTNOo37o1nygCwhmJV6Fd-ZGeuXkm3XpVP0zqeUcy9BIPh5Ld-A7VV3g
2018-02-22T08:30:00Z,32.0,https://playground.fiesta-iot.eu/iot-registry/api/resources/dfiCZSvOQ4HB4G9A0-574SI98VDa-rHw6XSelqruUR9-SbFZgqdhfZmFIPrcgzZ9S3FUmR0K2qp-Ex1ABBACj0ufT_l2wfV7WkpeJbvJIGDWrNOIEM4tx4_ImLd7IJBz
2018-02-22T08:30:00Z,315.0,https://playground.fiesta-iot.eu/iot-registry/api/resources/O07wufrWNvGVOw-Ax5sLvp4ku3ZBIa0yu9lqTOjkvLVMttKfVjnc2_M4gJE5qrdj85xmC2ggeAvS5JJaPriTsYvAMSazv7A3boJEJ0bbeVDii9BBa0tj3oUUJgRnKmbO
2018-02-22T08:30:00Z,202.0,https://playground.fiesta-iot.eu/iot-registry/api/resources/e1cuF-lDGkj65CiuAB_aTBGArbFWGOVK-rmlmP3TRCe3rqxWus42Wl2vO2t3C7yC8YurdoRr8GiWGTpq0mqWyv6-aALa5_gdvNXYR8dOHEDScelrZIHv5ac7fl2kF-AG
2018-02-22T08:30:00Z,28.0,https://playground.fiesta-iot.eu/iot-registry/api/resources/hR7y4NEgx7tJWb4QdSCI1Gx61m6G2v6GKrpkrvFX0ESmaoY49m02dbNJGxDEbtK5nBJ8Jqkrq2CG4gszLi2MusL4A01IjbsMr-SWXgQAATyFxhTQujF3f4KiLa0uyN8w
2018-02-22T08:30:00Z,23.0,https://playground.fiesta-iot.eu/iot-registry/api/resources/wuVbNPAfVV4QttJFXJ9H331iu7hOP6CA-oFDKdE_DsHzho2uxOABD9PWCnRRd4RXXQJmvWlIbA-FP6EFRTyI6ohh9H2VPl9MbmpycKFP5VXeMYUfkyZau5Lf4VFDLh_u
2018-02-22T08:30:18.837Z,28.83,https://playground.fiesta-iot.eu/iot-registry/api/resources/xjH8D9gqsPAeEWXONlQDhTLpAzqI1tCnwGvD5ENx3LE_AZPpKrcIvlLZ7UMX1PfZ379PwT5DaudylRQ7_JpWVYJgViGWIfX0vyRF_bL6lE4=
2018-02-22T08:30:33.501Z,22.46,https://playground.fiesta-iot.eu/iot-registry/api/resources/k5-3_gp4a1LlLj7NbkXE-fBYTaD0V5kmZuFAKU_XiCWVnUoDcTEYmHZbkE0s9qmNO2HPr2m_WUPIOwG-jBgadbxqgM7jIbFK4tBX2wvxV8M=
2018-02-22T08:31:02.597Z,32.8,https://playground.fiesta-iot.eu/iot-registry/api/resources/zvx-aKPDaoJEtOMXkP6CjiEfSUctDmFAZTZ6mbo715WMYiG0mh-yiV0O5Kvkd8x7eVwrY4xTAzNK8GQoPRa1wPgZ2-6Zh0n0gGyAld13Xkg=
2018-02-22T08:31:46.544Z,22.25,https://playground.fiesta-iot.eu/iot-registry/api/resources/FQTqx4w__wpO1iEav6H0CnQfOBUZSkhgtOokOc0hs08MXR1_WKPFd1WKEONSlPLp3RUOzvU4IkHtjpYHOtG5xPWB37uvMdxL11P9zIg7PDc=
2018-02-22T08:31:51.292Z,23.51,https://playground.fiesta-iot.eu/iot-registry/api/resources/ldwjmmqo4_6-RQVCIutKqxzvuhdHlMKapA5GYbJYYyGmHvAke4u7h9QoNQfMZOoTgjYWGuIs2Hawo4Ias7mT8s1rJMFwPjoj_GM58F4it7k=
2018-02-22T08:35:17.564Z,21.95,https://playground.fiesta-iot.eu/iot-registry/api/resources/Huksuaia4wMd2SmtlomvLkIPfY0bhN3Pq7ak90SO0ANVlZmo47RnZcXrgrweHYly5bI8q1IXQrd-j3KtX5UeKeZ_2L-4nnnqb16vNFFbet4=
2018-02-22T08:35:49.182Z,17.36,https://playground.fiesta-iot.eu/iot-registry/api/resources/XrGos2wFKHqgNQLcEKN45oXPmz46iiJlVdzjNWQuAiZhaiFtdBjv8ZpBqV6II2USaUXK8CIXqL2DUqNBIV3BdErgaLV5edZTBZQgLSww3QE=
2018-02-22T08:36:25.181Z,22.83,https://playground.fiesta-iot.eu/iot-registry/api/resources/UQ3ntuvhadCnxNROiCAODjjv_6MgNnDTQQbZGtdU6PLRAXP0eYRc7wkIawseJU0IBnaoV-aUlYCTD0pzHTNAavYa-37EuEaRTZ9j21UoCTc=
2018-02-22T08:39:04.969Z,35.64,https://playground.fiesta-iot.eu/iot-registry/api/resources/zvx-aKPDaoJEtOMXkP6CjiEfSUctDmFAZTZ6mbo715WMYiG0mh-yiV0O5Kvkd8x7eVwrY4xTAzNK8GQoPRa1wPgZ2-6Zh0n0gGyAld13Xkg=
2018-02-22T08:39:50.457Z,23.52,https://playground.fiesta-iot.eu/iot-registry/api/resources/ldwjmmqo4_6-RQVCIutKqxzvuhdHlMKapA5GYbJYYyGmHvAke4u7h9QoNQfMZOoTgjYWGuIs2Hawo4Ias7mT8s1rJMFwPjoj_GM58F4it7k=
2018-02-22T08:40:00Z,7.0,https://playground.fiesta-iot.eu/iot-registry/api/resources/z4eML_qbplF2Psbo77mIwGAXahddakX1GI3MFU7E1MZlRWGPB1ft_u9ENPhcE3crDamLIforhMuZZdBieMG5qQSLBD4I2JdoE35c8bs5QA2qPRwV-UDAP_8fZPu5nt5D
2018-02-22T08:40:02.85Z,28.94,https://playground.fiesta-iot.eu/iot-registry/api/resources/xjH8D9gqsPAeEWXONlQDhTLpAzqI1tCnwGvD5ENx3LE_AZPpKrcIvlLZ7UMX1PfZ379PwT5DaudylRQ7_JpWVYJgViGWIfX0vyRF_bL6lE4=
2018-02-22T08:40:33.679Z,22.5,https://playground.fiesta-iot.eu/iot-registry/api/resources/k5-3_gp4a1LlLj7NbkXE-fBYTaD0V5kmZuFAKU_XiCWVnUoDcTEYmHZbkE0s9qmNO2HPr2m_WUPIOwG-jBgadbxqgM7jIbFK4tBX2wvxV8M=
2018-02-22T08:42:22.98Z,22.74,https://playground.fiesta-iot.eu/iot-registry/api/resources/FQTqx4w__wpO1iEav6H0CnQfOBUZSkhgtOokOc0hs08MXR1_WKPFd1WKEONSlPLp3RUOzvU4IkHtjpYHOtG5xPWB37uvMdxL11P9zIg7PDc=
2018-02-22T08:43:20.157Z,21.96,https://playground.fiesta-iot.eu/iot-registry/api/resources/Huksuaia4wMd2SmtlomvLkIPfY0bhN3Pq7ak90SO0ANVlZmo47RnZcXrgrweHYly5bI8q1IXQrd-j3KtX5UeKeZ_2L-4nnnqb16vNFFbet4=
2018-02-22T08:45:01.979Z,8.3,https://playground.fiesta-iot.eu/iot-registry/api/resources/FUIBUTUDCOdIfNX8hVyka6E1pmNgjLAuOA6XctHsoQe1AZCpnmuOxjnPZtnRjD-A
2018-02-22T08:45:33.88Z,17.71,https://playground.fiesta-iot.eu/iot-registry/api/resources/XrGos2wFKHqgNQLcEKN45oXPmz46iiJlVdzjNWQuAiZhaiFtdBjv8ZpBqV6II2USaUXK8CIXqL2DUqNBIV3BdErgaLV5edZTBZQgLSww3QE=
2018-02-22T08:46:00.458Z,23.04,https://playground.fiesta-iot.eu/iot-registry/api/resources/UQ3ntuvhadCnxNROiCAODjjv_6MgNnDTQQbZGtdU6PLRAXP0eYRc7wkIawseJU0IBnaoV-aUlYCTD0pzHTNAavYa-37EuEaRTZ9j21UoCTc=
2018-02-22T08:48:33.605Z,22.51,https://playground.fiesta-iot.eu/iot-registry/api/resources/k5-3_gp4a1LlLj7NbkXE-fBYTaD0V5kmZuFAKU_XiCWVnUoDcTEYmHZbkE0s9qmNO2HPr2m_WUPIOwG-jBgadbxqgM7jIbFK4tBX2wvxV8M=
2018-02-22T08:49:26.259Z,33.1,https://playground.fiesta-iot.eu/iot-registry/api/resources/zvx-aKPDaoJEtOMXkP6CjiEfSUctDmFAZTZ6mbo715WMYiG0mh-yiV0O5Kvkd8x7eVwrY4xTAzNK8GQoPRa1wPgZ2-6Zh0n0gGyAld13Xkg=
2018-02-22T08:49:46.89Z,28.96,https://playground.fiesta-iot.eu/iot-registry/api/resources/xjH8D9gqsPAeEWXONlQDhTLpAzqI1tCnwGvD5ENx3LE_AZPpKrcIvlLZ7UMX1PfZ379PwT5DaudylRQ7_JpWVYJgViGWIfX0vyRF_bL6lE4=
2018-02-22T08:49:49.249Z,23.47,https://playground.fiesta-iot.eu/iot-registry/api/resources/ldwjmmqo4_6-RQVCIutKqxzvuhdHlMKapA5GYbJYYyGmHvAke4u7h9QoNQfMZOoTgjYWGuIs2Hawo4Ias7mT8s1rJMFwPjoj_GM58F4it7k=
2018-02-22T08:50:00Z,23.0,https://playground.fiesta-iot.eu/iot-registry/api/resources/W5du2EJzGl_ewNud-Atl4-2tRokwHzGKpubBb33Kifr5Omtbk16UmJXp_admjA0yu-HHPgroDOzU1tieEMXF5HMBw5oeV8gZcgbHJUAr5RdUi3ChbpBk7lZZC3zCx9aR
2018-02-22T08:50:00Z,21.0,https://playground.fiesta-iot.eu/iot-registry/api/resources/6mPmAjbOpKNVarPLLFFKtqvuNcup8MYi0AClsb_VeB7eLr7mulfITdjQzdCKgW8TdvUmCQTHIx3wF4Yfj718NY3B426zQeMJ-aERuevT872nZOjyoUdhfwWzXFo_GVeM
2018-02-22T08:50:00Z,23.0,https://playground.fiesta-iot.eu/iot-registry/api/resources/ZC0f9obdrfLNPvu61yiNg3SV6wiezEOAOqJH5rtrecYn8XzYRFSkeo-E3OFpf1wFiqg-RujUmgB8I3IEdZNcLUMmodKR-iiJr8ck1uDmRN3s5VFKUMZ9ffHl3VeYWdzn
2018-02-22T08:50:00Z,240.0,https://playground.fiesta-iot.eu/iot-registry/api/resources/asHvEiTyhMf9XL0NtzF-7rTIDgmDVdDRcaUaFG0c5g4K4gKtWaRO8a9hOcpaDOSbnJJU83YWyWxuQugti8u3gj3cVL-yQxp3jc2jJ1HTT5EnoxsDQXloR-18W9RWPVtw
2018-02-22T08:50:00Z,23.0,https://playground.fiesta-iot.eu/iot-registry/api/resources/nX2OutLKf0YvalJTF2otd1Yqt6cwlDiP9f0WcD6YgSDuuC6MHCfHhk2N96unEtTOrKe6qwx1Ue4YLeMuwghSWvgMXaNwg7_LtLdV6ScvKzwkPZEOyapTf7xypp86uRQG
2018-02-22T08:50:00Z,23.0,https://playground.fiesta-iot.eu/iot-registry/api/resources/5FiLUs0aTEC_VcWDJUWBBj07-FhK6CxuPGs4rXaq3awowjwDWJsxvpvFvEVd0wSyxgNdkNr-q1MOyCgI1FnsFLe9KU_xnqVV6ms-oiFW64vj6hnu04VZO7pNd67aTe-x
2018-02-22T08:50:00Z,27.0,https://playground.fiesta-iot.eu/iot-registry/api/resources/e4eLyXGHwPuGiMGfiwawteYsr6x7PnHrtgHEMfRJuMabgCxP85yFqte8bRo9UyD4maY2JzUOAjmuHeF3F7ssTYIn2TOiNzKtyWTtjDL-cH76FqBXWC2ftgnelb7ij3FO
2018-02-22T08:50:00Z,23.0,https://playground.fiesta-iot.eu/iot-registry/api/resources/sXsRGYAh8mX8ZXAvEFlcCu55pVZkdXL_jJojvrO6_6v97Cnncyii5xT8h0eJdGV5j6CUJA2ar5CnsjUa4RRMpDX3Fc8QG20akkpGAMlERYEY4EYje1rzyNylDORhWqj1
2018-02-22T08:50:00Z,31.0,https://playground.fiesta-iot.eu/iot-registry/api/resources/sCWgNBPXaWwkxHs7VEQodl-kAAJKa7n1erpqTbT_RdQzkaJIFNRvK5HiPMUxxDIqkr3cNYBBBsASLysIwTi8poxIGOnWGli7wAyqh1c3q02hX5S3MZVNuG-zgtVlu97o
2018-02-22T08:50:00Z,25.0,https://playground.fiesta-iot.eu/iot-registry/api/resources/Xncpa-L5Ra-c8kHgyZo06paZNlSRdXvqZOCeHB5u5guUoq1FsTbFJr2kSqmhv6X_j3Fpv4fa3czTt7rfMSpMNa5osLAp5oVWgNVTZd9YuUWO5FMBT6rL8JKp_c90I7Wb
2018-02-22T08:50:00Z,21.0,https://playground.fiesta-iot.eu/iot-registry/api/resources/V1YH-QeIGRfxCIIeINBrn-O2Aq9x2aRslRwrod34VLtizY9h2nUdRI-Y4SjTRqyu-dNuBsh_1JaO8ZBBlwFHDyQ6A7RyUrFxKnYS6SzYXCu8YZ2HqEtaeveNYUSdYIL3
2018-02-22T08:50:00Z,23.0,https://playground.fiesta-iot.eu/iot-registry/api/resources/KJdQsIGbyjvqUwmU_EJplf4pYFxZBEn1D9kbP8UX6pweGTfra4vmwd3svYj47OWObAUd_SG7wKOTrkYF8Bh2EeX63kbZ41c2ecystlNSbislEji_meb6Or-pfqlwtNUu
2018-02-22T08:50:00Z,33.0,https://playground.fiesta-iot.eu/iot-registry/api/resources/yMAOmm3zC7HDZUtYCKMx5k4Ti5C5hT7_S9ZHcScvbhRB3DHAZah1-rE65wI5tpb_hTO4Pp6ZofiALNw0P0BIoIZl_c5GE6dPJ7sn--_R2PyIxpFZm36YT0h-7jK3MVHP
2018-02-22T08:50:00Z,23.0,https://playground.fiesta-iot.eu/iot-registry/api/resources/VD51grLyIMr1yiyOCd3mhelFzrQ7icP3LU1dYu_b9y4EwoORayCitBucsTn0HCjDm2ZZFgXIzaUPX6e7Pr5P0UOjZ55VPpmYoJw6cmZbobrI-KEpr6moAP7xBFIsHW9-
2018-02-22T08:50:00Z,222.0,https://playground.fiesta-iot.eu/iot-registry/api/resources/KdwL6tX9v90f3mDZSPzhLrBf8ugbXSediTRFwd1dZFd-B5X1lBX8wJZMje1XsN6uYNtWSPoJVQohGF1A-Ytqv3dBdNrkFB0bB4521EeqyXhos72w5gVv23YUQojC8lSp
2018-02-22T08:50:00Z,23.0,https://playground.fiesta-iot.eu/iot-registry/api/resources/h1XKw7Nw21R8rtVF1fkeEO0zalYvqXYQr2fIVl9N-o7zxPze_b0MNaWOUE1lFXmMxzgetiHiUEBWyPJmlEzZAShWPGmYukkIp3ov8cfYkPnsFHDa9lbqn-HS7VZCoCUv
2018-02-22T08:50:00Z,28.0,https://playground.fiesta-iot.eu/iot-registry/api/resources/koHeE4wfk0y4s-YsggMi6cePW5tV0WQgImq_bWwEhS0ncJy8m6GO6qIW1o52eUrkmSFhBPOaKAoC_TrohyoNnQHMZkyNtt10zdDMo51_yHNjmM5krIBUUZ6F6uhk9Lfl
2018-02-22T08:50:00Z,27.0,https://playground.fiesta-iot.eu/iot-registry/api/resources/yeBlDF_1pPYNjYwOnTG00JhssXBiZVyN5lHKyqaBx8k5yspBMkpXVUfgpIQ03ufklU8xQrDAmYckZG90zJAgdywKWmJRaif5-hkpdoq2TOxkWBnchNFPWhVh6Apn4Bgc
2018-02-22T08:50:00Z,33.0,https://playground.fiesta-iot.eu/iot-registry/api/resources/arb5feLz0hVJmV4khAtxtmU4ZasbTizFCc2Q82WOBeJ7ObPinMfb-5dY9DqA04jHU80nlHBID7O5d7hhyBH5bXDHPzVJMpJ2I8x1Ju3xtr9ri4DYw0XlvyMZk3nyZUU9
2018-02-22T08:50:00Z,23.0,https://playground.fiesta-iot.eu/iot-registry/api/resources/MoJbp36FWcoHd09x8yvpGRbdfJ6R6GldhZxpyorDMfeHD7QbdjEUo4JkMOtUwZjxR6bshbpndQFy5vqMSBtCAiUPEAdQ-O5rsBvn36DHFkVoI3tExBnGqkpuFphngBVo
2018-02-22T08:50:00Z,30.0,https://playground.fiesta-iot.eu/iot-registry/api/resources/ORnt0eFjSUotSgFVOQeHpQthHvjY6vz9_LzOkV-BPkkBmCqZBVASLn8xb0ksAYgzNHl5dAzm0aMxgBuMCbeREB1rx2WLLl4ia9LsGpeejR9podvMrZNeWngN7YK7KMby
2018-02-22T08:50:00Z,23.0,https://playground.fiesta-iot.eu/iot-registry/api/resources/56ho0gf8mCdS-o-mUREhhfytOqloa-tNu-l0H2s5VtsQwfhcdFPw2GhBfjjU3WGI4dn_OTvCWqn-uvdwWwhH6lo9ECBzUIXvSxIUoYu57QNsscNKTQfN9_R_E_4gjOKM
2018-02-22T08:50:00Z,26.0,https://playground.fiesta-iot.eu/iot-registry/api/resources/aG9BmIcSlsu9uHb9HsN7Ac6UaIMwZzzTtLwgf4Q1jybodkcKDEneCOLFxPEDz1-hIqV2S_xXnuYLE1f3mgfmKpyEI0z5OCnBbLTAK_ewv12rKWFFpIH34jn4zJ5fRoqW
2018-02-22T08:50:00Z,335.0,https://playground.fiesta-iot.eu/iot-registry/api/resources/j7FkMmdJBXBPT6Y8GmcythgkDhRiLFfBlfQOOC3FEVaPGLd28zaiDM_tJ-8-Sl5jbCJGtk__mJmTD7XH7fAEfFckr7Dm6GsBkqlg1B-u_Dquzsh9RpuKdOCX0BFpuzI5
2018-02-22T08:50:00Z,28.0,https://playground.fiesta-iot.eu/iot-registry/api/resources/yc3lci3IcdobHr4oKV_SNYNKOgs-xptxLSYHEKvl4gFoq92zbXxc4M1IL2n50Dw1k5Ki_fVjp5ag5A59hQ6PBq4uCFEOGlDMCjnQD_CgZ2JgFuvfDPX6EpBdX8rk70gE
2018-02-22T08:50:00Z,280.0,https://playground.fiesta-iot.eu/iot-registry/api/resources/MPGM4eJOmLBB5SeVX6E9HWzqC1KjKLg87L48ZVGyU80D77mZXSEcWgck12rs504ierr9BOljDaxpdOJLcQrvP0-4Y30gDxfAje8djalU_5catGYBbPVnO_ewU5SUiH5A
2018-02-22T08:50:00Z,28.0,https://playground.fiesta-iot.eu/iot-registry/api/resources/CSO2y2cQU_LnJiz74e6yk_0g9o69PBsPYXK5WOb-x2iJuOSwg5VIVBUlyv-Y1kT2CIaOMfNQiTNOo37o1nygCwhmJV6Fd-ZGeuXkm3XpVP0zqeUcy9BIPh5Ld-A7VV3g
2018-02-22T08:50:00Z,32.0,https://playground.fiesta-iot.eu/iot-registry/api/resources/dfiCZSvOQ4HB4G9A0-574SI98VDa-rHw6XSelqruUR9-SbFZgqdhfZmFIPrcgzZ9S3FUmR0K2qp-Ex1ABBACj0ufT_l2wfV7WkpeJbvJIGDWrNOIEM4tx4_ImLd7IJBz
2018-02-22T08:50:00Z,321.0,https://playground.fiesta-iot.eu/iot-registry/api/resources/O07wufrWNvGVOw-Ax5sLvp4ku3ZBIa0yu9lqTOjkvLVMttKfVjnc2_M4gJE5qrdj85xmC2ggeAvS5JJaPriTsYvAMSazv7A3boJEJ0bbeVDii9BBa0tj3oUUJgRnKmbO
2018-02-22T08:50:00Z,203.0,https://playground.fiesta-iot.eu/iot-registry/api/resources/e1cuF-lDGkj65CiuAB_aTBGArbFWGOVK-rmlmP3TRCe3rqxWus42Wl2vO2t3C7yC8YurdoRr8GiWGTpq0mqWyv6-aALa5_gdvNXYR8dOHEDScelrZIHv5ac7fl2kF-AG
2018-02-22T08:50:00Z,28.0,https://playground.fiesta-iot.eu/iot-registry/api/resources/hR7y4NEgx7tJWb4QdSCI1Gx61m6G2v6GKrpkrvFX0ESmaoY49m02dbNJGxDEbtK5nBJ8Jqkrq2CG4gszLi2MusL4A01IjbsMr-SWXgQAATyFxhTQujF3f4KiLa0uyN8w
2018-02-22T08:50:00Z,23.0,https://playground.fiesta-iot.eu/iot-registry/api/resources/wuVbNPAfVV4QttJFXJ9H331iu7hOP6CA-oFDKdE_DsHzho2uxOABD9PWCnRRd4RXXQJmvWlIbA-FP6EFRTyI6ohh9H2VPl9MbmpycKFP5VXeMYUfkyZau5Lf4VFDLh_u
2018-02-22T08:50:52.583Z,23.37,https://playground.fiesta-iot.eu/iot-registry/api/resources/FQTqx4w__wpO1iEav6H0CnQfOBUZSkhgtOokOc0hs08MXR1_WKPFd1WKEONSlPLp3RUOzvU4IkHtjpYHOtG5xPWB37uvMdxL11P9zIg7PDc=
2018-02-22T08:53:23.503Z,21.98,https://playground.fiesta-iot.eu/iot-registry/api/resources/Huksuaia4wMd2SmtlomvLkIPfY0bhN3Pq7ak90SO0ANVlZmo47RnZcXrgrweHYly5bI8q1IXQrd-j3KtX5UeKeZ_2L-4nnnqb16vNFFbet4=
2018-02-22T08:55:00Z,7.6,https://playground.fiesta-iot.eu/iot-registry/api/resources/z4eML_qbplF2Psbo77mIwGAXahddakX1GI3MFU7E1MZlRWGPB1ft_u9ENPhcE3crDamLIforhMuZZdBieMG5qQSLBD4I2JdoE35c8bs5QA2qPRwV-UDAP_8fZPu5nt5D
2018-02-22T08:55:17.976Z,17.81,https://playground.fiesta-iot.eu/iot-registry/api/resources/XrGos2wFKHqgNQLcEKN45oXPmz46iiJlVdzjNWQuAiZhaiFtdBjv8ZpBqV6II2USaUXK8CIXqL2DUqNBIV3BdErgaLV5edZTBZQgLSww3QE=
2018-02-22T08:55:34.999Z,23.93,https://playground.fiesta-iot.eu/iot-registry/api/resources/UQ3ntuvhadCnxNROiCAODjjv_6MgNnDTQQbZGtdU6PLRAXP0eYRc7wkIawseJU0IBnaoV-aUlYCTD0pzHTNAavYa-37EuEaRTZ9j21UoCTc=
2018-02-22T08:57:03.046Z,32.4,https://playground.fiesta-iot.eu/iot-registry/api/resources/zvx-aKPDaoJEtOMXkP6CjiEfSUctDmFAZTZ6mbo715WMYiG0mh-yiV0O5Kvkd8x7eVwrY4xTAzNK8GQoPRa1wPgZ2-6Zh0n0gGyAld13Xkg=
2018-02-22T08:57:33.854Z,28.85,https://playground.fiesta-iot.eu/iot-registry/api/resources/xjH8D9gqsPAeEWXONlQDhTLpAzqI1tCnwGvD5ENx3LE_AZPpKrcIvlLZ7UMX1PfZ379PwT5DaudylRQ7_JpWVYJgViGWIfX0vyRF_bL6lE4=
2018-02-22T08:57:48.504Z,23.44,https://playground.fiesta-iot.eu/iot-registry/api/resources/ldwjmmqo4_6-RQVCIutKqxzvuhdHlMKapA5GYbJYYyGmHvAke4u7h9QoNQfMZOoTgjYWGuIs2Hawo4Ias7mT8s1rJMFwPjoj_GM58F4it7k=
2018-02-22T08:58:34.336Z,22.38,https://playground.fiesta-iot.eu/iot-registry/api/resources/k5-3_gp4a1LlLj7NbkXE-fBYTaD0V5kmZuFAKU_XiCWVnUoDcTEYmHZbkE0s9qmNO2HPr2m_WUPIOwG-jBgadbxqgM7jIbFK4tBX2wvxV8M=
2018-02-22T08:59:22.683Z,23.09,https://playground.fiesta-iot.eu/iot-registry/api/resources/FQTqx4w__wpO1iEav6H0CnQfOBUZSkhgtOokOc0hs08MXR1_WKPFd1WKEONSlPLp3RUOzvU4IkHtjpYHOtG5xPWB37uvMdxL11P9zIg7PDc=
2018-02-22T09:00:06.456Z,8.6,https://playground.fiesta-iot.eu/iot-registry/api/resources/FUIBUTUDCOdIfNX8hVyka6E1pmNgjLAuOA6XctHsoQe1AZCpnmuOxjnPZtnRjD-A
2018-02-22T09:01:25.992Z,22.06,https://playground.fiesta-iot.eu/iot-registry/api/resources/Huksuaia4wMd2SmtlomvLkIPfY0bhN3Pq7ak90SO0ANVlZmo47RnZcXrgrweHYly5bI8q1IXQrd-j3KtX5UeKeZ_2L-4nnnqb16vNFFbet4=
2018-02-22T09:03:05.072Z,18.05,https://playground.fiesta-iot.eu/iot-registry/api/resources/XrGos2wFKHqgNQLcEKN45oXPmz46iiJlVdzjNWQuAiZhaiFtdBjv8ZpBqV6II2USaUXK8CIXqL2DUqNBIV3BdErgaLV5edZTBZQgLSww3QE=
2018-02-22T09:03:13.545Z,25.09,https://playground.fiesta-iot.eu/iot-registry/api/resources/UQ3ntuvhadCnxNROiCAODjjv_6MgNnDTQQbZGtdU6PLRAXP0eYRc7wkIawseJU0IBnaoV-aUlYCTD0pzHTNAavYa-37EuEaRTZ9j21UoCTc=
2018-02-22T09:06:35.167Z,22.42,https://playground.fiesta-iot.eu/iot-registry/api/resources/k5-3_gp4a1LlLj7NbkXE-fBYTaD0V5kmZuFAKU_XiCWVnUoDcTEYmHZbkE0s9qmNO2HPr2m_WUPIOwG-jBgadbxqgM7jIbFK4tBX2wvxV8M=
2018-02-22T09:06:35.885Z,32.29,https://playground.fiesta-iot.eu/iot-registry/api/resources/zvx-aKPDaoJEtOMXkP6CjiEfSUctDmFAZTZ6mbo715WMYiG0mh-yiV0O5Kvkd8x7eVwrY4xTAzNK8GQoPRa1wPgZ2-6Zh0n0gGyAld13Xkg=
2018-02-22T09:07:17.786Z,28.71,https://playground.fiesta-iot.eu/iot-registry/api/resources/xjH8D9gqsPAeEWXONlQDhTLpAzqI1tCnwGvD5ENx3LE_AZPpKrcIvlLZ7UMX1PfZ379PwT5DaudylRQ7_JpWVYJgViGWIfX0vyRF_bL6lE4=
2018-02-22T09:07:47.798Z,23.37,https://playground.fiesta-iot.eu/iot-registry/api/resources/ldwjmmqo4_6-RQVCIutKqxzvuhdHlMKapA5GYbJYYyGmHvAke4u7h9QoNQfMZOoTgjYWGuIs2Hawo4Ias7mT8s1rJMFwPjoj_GM58F4it7k=
2018-02-22T09:07:53.914Z,23.25,https://playground.fiesta-iot.eu/iot-registry/api/resources/FQTqx4w__wpO1iEav6H0CnQfOBUZSkhgtOokOc0hs08MXR1_WKPFd1WKEONSlPLp3RUOzvU4IkHtjpYHOtG5xPWB37uvMdxL11P9zIg7PDc=
2018-02-22T09:10:00Z,23.0,https://playground.fiesta-iot.eu/iot-registry/api/resources/W5du2EJzGl_ewNud-Atl4-2tRokwHzGKpubBb33Kifr5Omtbk16UmJXp_admjA0yu-HHPgroDOzU1tieEMXF5HMBw5oeV8gZcgbHJUAr5RdUi3ChbpBk7lZZC3zCx9aR
2018-02-22T09:10:00Z,21.0,https://playground.fiesta-iot.eu/iot-registry/api/resources/6mPmAjbOpKNVarPLLFFKtqvuNcup8MYi0AClsb_VeB7eLr7mulfITdjQzdCKgW8TdvUmCQTHIx3wF4Yfj718NY3B426zQeMJ-aERuevT872nZOjyoUdhfwWzXFo_GVeM
2018-02-22T09:10:00Z,23.0,https://playground.fiesta-iot.eu/iot-registry/api/resources/ZC0f9obdrfLNPvu61yiNg3SV6wiezEOAOqJH5rtrecYn8XzYRFSkeo-E3OFpf1wFiqg-RujUmgB8I3IEdZNcLUMmodKR-iiJr8ck1uDmRN3s5VFKUMZ9ffHl3VeYWdzn
2018-02-22T09:10:00Z,241.0,https://playground.fiesta-iot.eu/iot-registry/api/resources/asHvEiTyhMf9XL0NtzF-7rTIDgmDVdDRcaUaFG0c5g4K4gKtWaRO8a9hOcpaDOSbnJJU83YWyWxuQugti8u3gj3cVL-yQxp3jc2jJ1HTT5EnoxsDQXloR-18W9RWPVtw
2018-02-22T09:10:00Z,23.0,https://playground.fiesta-iot.eu/iot-registry/api/resources/nX2OutLKf0YvalJTF2otd1Yqt6cwlDiP9f0WcD6YgSDuuC6MHCfHhk2N96unEtTOrKe6qwx1Ue4YLeMuwghSWvgMXaNwg7_LtLdV6ScvKzwkPZEOyapTf7xypp86uRQG
2018-02-22T09:10:00Z,23.0,https://playground.fiesta-iot.eu/iot-registry/api/resources/5FiLUs0aTEC_VcWDJUWBBj07-FhK6CxuPGs4rXaq3awowjwDWJsxvpvFvEVd0wSyxgNdkNr-q1MOyCgI1FnsFLe9KU_xnqVV6ms-oiFW64vj6hnu04VZO7pNd67aTe-x
2018-02-22T09:10:00Z,27.0,https://playground.fiesta-iot.eu/iot-registry/api/resources/e4eLyXGHwPuGiMGfiwawteYsr6x7PnHrtgHEMfRJuMabgCxP85yFqte8bRo9UyD4maY2JzUOAjmuHeF3F7ssTYIn2TOiNzKtyWTtjDL-cH76FqBXWC2ftgnelb7ij3FO
2018-02-22T09:10:00Z,23.0,https://playground.fiesta-iot.eu/iot-registry/api/resources/sXsRGYAh8mX8ZXAvEFlcCu55pVZkdXL_jJojvrO6_6v97Cnncyii5xT8h0eJdGV5j6CUJA2ar5CnsjUa4RRMpDX3Fc8QG20akkpGAMlERYEY4EYje1rzyNylDORhWqj1
2018-02-22T09:10:00Z,31.0,https://playground.fiesta-iot.eu/iot-registry/api/resources/sCWgNBPXaWwkxHs7VEQodl-kAAJKa7n1erpqTbT_RdQzkaJIFNRvK5HiPMUxxDIqkr3cNYBBBsASLysIwTi8poxIGOnWGli7wAyqh1c3q02hX5S3MZVNuG-zgtVlu97o
2018-02-22T09:10:00Z,25.0,https://playground.fiesta-iot.eu/iot-registry/api/resources/Xncpa-L5Ra-c8kHgyZo06paZNlSRdXvqZOCeHB5u5guUoq1FsTbFJr2kSqmhv6X_j3Fpv4fa3czTt7rfMSpMNa5osLAp5oVWgNVTZd9YuUWO5FMBT6rL8JKp_c90I7Wb
2018-02-22T09:10:00Z,21.0,https://playground.fiesta-iot.eu/iot-registry/api/resources/V1YH-QeIGRfxCIIeINBrn-O2Aq9x2aRslRwrod34VLtizY9h2nUdRI-Y4SjTRqyu-dNuBsh_1JaO8ZBBlwFHDyQ6A7RyUrFxKnYS6SzYXCu8YZ2HqEtaeveNYUSdYIL3
2018-02-22T09:10:00Z,23.0,https://playground.fiesta-iot.eu/iot-registry/api/resources/KJdQsIGbyjvqUwmU_EJplf4pYFxZBEn1D9kbP8UX6pweGTfra4vmwd3svYj47OWObAUd_SG7wKOTrkYF8Bh2EeX63kbZ41c2ecystlNSbislEji_meb6Or-pfqlwtNUu
2018-02-22T09:10:00Z,33.0,https://playground.fiesta-iot.eu/iot-registry/api/resources/yMAOmm3zC7HDZUtYCKMx5k4Ti5C5hT7_S9ZHcScvbhRB3DHAZah1-rE65wI5tpb_hTO4Pp6ZofiALNw0P0BIoIZl_c5GE6dPJ7sn--_R2PyIxpFZm36YT0h-7jK3MVHP
2018-02-22T09:10:00Z,23.0,https://playground.fiesta-iot.eu/iot-registry/api/resources/VD51grLyIMr1yiyOCd3mhelFzrQ7icP3LU1dYu_b9y4EwoORayCitBucsTn0HCjDm2ZZFgXIzaUPX6e7Pr5P0UOjZ55VPpmYoJw6cmZbobrI-KEpr6moAP7xBFIsHW9-
2018-02-22T09:10:00Z,224.0,https://playground.fiesta-iot.eu/iot-registry/api/resources/KdwL6tX9v90f3mDZSPzhLrBf8ugbXSediTRFwd1dZFd-B5X1lBX8wJZMje1XsN6uYNtWSPoJVQohGF1A-Ytqv3dBdNrkFB0bB4521EeqyXhos72w5gVv23YUQojC8lSp
2018-02-22T09:10:00Z,23.0,https://playground.fiesta-iot.eu/iot-registry/api/resources/h1XKw7Nw21R8rtVF1fkeEO0zalYvqXYQr2fIVl9N-o7zxPze_b0MNaWOUE1lFXmMxzgetiHiUEBWyPJmlEzZAShWPGmYukkIp3ov8cfYkPnsFHDa9lbqn-HS7VZCoCUv
2018-02-22T09:10:00Z,28.0,https://playground.fiesta-iot.eu/iot-registry/api/resources/koHeE4wfk0y4s-YsggMi6cePW5tV0WQgImq_bWwEhS0ncJy8m6GO6qIW1o52eUrkmSFhBPOaKAoC_TrohyoNnQHMZkyNtt10zdDMo51_yHNjmM5krIBUUZ6F6uhk9Lfl
2018-02-22T09:10:00Z,27.0,https://playground.fiesta-iot.eu/iot-registry/api/resources/yeBlDF_1pPYNjYwOnTG00JhssXBiZVyN5lHKyqaBx8k5yspBMkpXVUfgpIQ03ufklU8xQrDAmYckZG90zJAgdywKWmJRaif5-hkpdoq2TOxkWBnchNFPWhVh6Apn4Bgc
2018-02-22T09:10:00Z,33.0,https://playground.fiesta-iot.eu/iot-registry/api/resources/arb5feLz0hVJmV4khAtxtmU4ZasbTizFCc2Q82WOBeJ7ObPinMfb-5dY9DqA04jHU80nlHBID7O5d7hhyBH5bXDHPzVJMpJ2I8x1Ju3xtr9ri4DYw0XlvyMZk3nyZUU9
2018-02-22T09:10:00Z,23.0,https://playground.fiesta-iot.eu/iot-registry/api/resources/MoJbp36FWcoHd09x8yvpGRbdfJ6R6GldhZxpyorDMfeHD7QbdjEUo4JkMOtUwZjxR6bshbpndQFy5vqMSBtCAiUPEAdQ-O5rsBvn36DHFkVoI3tExBnGqkpuFphngBVo
2018-02-22T09:10:00Z,31.0,https://playground.fiesta-iot.eu/iot-registry/api/resources/ORnt0eFjSUotSgFVOQeHpQthHvjY6vz9_LzOkV-BPkkBmCqZBVASLn8xb0ksAYgzNHl5dAzm0aMxgBuMCbeREB1rx2WLLl4ia9LsGpeejR9podvMrZNeWngN7YK7KMby
2018-02-22T09:10:00Z,23.0,https://playground.fiesta-iot.eu/iot-registry/api/resources/56ho0gf8mCdS-o-mUREhhfytOqloa-tNu-l0H2s5VtsQwfhcdFPw2GhBfjjU3WGI4dn_OTvCWqn-uvdwWwhH6lo9ECBzUIXvSxIUoYu57QNsscNKTQfN9_R_E_4gjOKM
2018-02-22T09:10:00Z,26.0,https://playground.fiesta-iot.eu/iot-registry/api/resources/aG9BmIcSlsu9uHb9HsN7Ac6UaIMwZzzTtLwgf4Q1jybodkcKDEneCOLFxPEDz1-hIqV2S_xXnuYLE1f3mgfmKpyEI0z5OCnBbLTAK_ewv12rKWFFpIH34jn4zJ5fRoqW
2018-02-22T09:10:00Z,335.0,https://playground.fiesta-iot.eu/iot-registry/api/resources/j7FkMmdJBXBPT6Y8GmcythgkDhRiLFfBlfQOOC3FEVaPGLd28zaiDM_tJ-8-Sl5jbCJGtk__mJmTD7XH7fAEfFckr7Dm6GsBkqlg1B-u_Dquzsh9RpuKdOCX0BFpuzI5
2018-02-22T09:10:00Z,28.0,https://playground.fiesta-iot.eu/iot-registry/api/resources/yc3lci3IcdobHr4oKV_SNYNKOgs-xptxLSYHEKvl4gFoq92zbXxc4M1IL2n50Dw1k5Ki_fVjp5ag5A59hQ6PBq4uCFEOGlDMCjnQD_CgZ2JgFuvfDPX6EpBdX8rk70gE
2018-02-22T09:10:00Z,279.0,https://playground.fiesta-iot.eu/iot-registry/api/resources/MPGM4eJOmLBB5SeVX6E9HWzqC1KjKLg87L48ZVGyU80D77mZXSEcWgck12rs504ierr9BOljDaxpdOJLcQrvP0-4Y30gDxfAje8djalU_5catGYBbPVnO_ewU5SUiH5A
2018-02-22T09:10:00Z,7.6,https://playground.fiesta-iot.eu/iot-registry/api/resources/z4eML_qbplF2Psbo77mIwGAXahddakX1GI3MFU7E1MZlRWGPB1ft_u9ENPhcE3crDamLIforhMuZZdBieMG5qQSLBD4I2JdoE35c8bs5QA2qPRwV-UDAP_8fZPu5nt5D
2018-02-22T09:10:00Z,28.0,https://playground.fiesta-iot.eu/iot-registry/api/resources/CSO2y2cQU_LnJiz74e6yk_0g9o69PBsPYXK5WOb-x2iJuOSwg5VIVBUlyv-Y1kT2CIaOMfNQiTNOo37o1nygCwhmJV6Fd-ZGeuXkm3XpVP0zqeUcy9BIPh5Ld-A7VV3g
2018-02-22T09:10:00Z,32.0,https://playground.fiesta-iot.eu/iot-registry/api/resources/dfiCZSvOQ4HB4G9A0-574SI98VDa-rHw6XSelqruUR9-SbFZgqdhfZmFIPrcgzZ9S3FUmR0K2qp-Ex1ABBACj0ufT_l2wfV7WkpeJbvJIGDWrNOIEM4tx4_ImLd7IJBz
2018-02-22T09:10:00Z,325.0,https://playground.fiesta-iot.eu/iot-registry/api/resources/O07wufrWNvGVOw-Ax5sLvp4ku3ZBIa0yu9lqTOjkvLVMttKfVjnc2_M4gJE5qrdj85xmC2ggeAvS5JJaPriTsYvAMSazv7A3boJEJ0bbeVDii9BBa0tj3oUUJgRnKmbO
2018-02-22T09:10:00Z,202.0,https://playground.fiesta-iot.eu/iot-registry/api/resources/e1cuF-lDGkj65CiuAB_aTBGArbFWGOVK-rmlmP3TRCe3rqxWus42Wl2vO2t3C7yC8YurdoRr8GiWGTpq0mqWyv6-aALa5_gdvNXYR8dOHEDScelrZIHv5ac7fl2kF-AG
2018-02-22T09:10:00Z,28.0,https://playground.fiesta-iot.eu/iot-registry/api/resources/hR7y4NEgx7tJWb4QdSCI1Gx61m6G2v6GKrpkrvFX0ESmaoY49m02dbNJGxDEbtK5nBJ8Jqkrq2CG4gszLi2MusL4A01IjbsMr-SWXgQAATyFxhTQujF3f4KiLa0uyN8w
2018-02-22T09:10:00Z,23.0,https://playground.fiesta-iot.eu/iot-registry/api/resources/wuVbNPAfVV4QttJFXJ9H331iu7hOP6CA-oFDKdE_DsHzho2uxOABD9PWCnRRd4RXXQJmvWlIbA-FP6EFRTyI6ohh9H2VPl9MbmpycKFP5VXeMYUfkyZau5Lf4VFDLh_u
2018-02-22T09:11:28.777Z,22.18,https://playground.fiesta-iot.eu/iot-registry/api/resources/Huksuaia4wMd2SmtlomvLkIPfY0bhN3Pq7ak90SO0ANVlZmo47RnZcXrgrweHYly5bI8q1IXQrd-j3KtX5UeKeZ_2L-4nnnqb16vNFFbet4=
2018-02-22T09:12:45.062Z,25.98,https://playground.fiesta-iot.eu/iot-registry/api/resources/UQ3ntuvhadCnxNROiCAODjjv_6MgNnDTQQbZGtdU6PLRAXP0eYRc7wkIawseJU0IBnaoV-aUlYCTD0pzHTNAavYa-37EuEaRTZ9j21UoCTc=
2018-02-22T09:12:48.185Z,18.55,https://playground.fiesta-iot.eu/iot-registry/api/resources/XrGos2wFKHqgNQLcEKN45oXPmz46iiJlVdzjNWQuAiZhaiFtdBjv8ZpBqV6II2USaUXK8CIXqL2DUqNBIV3BdErgaLV5edZTBZQgLSww3QE=
2018-02-22T09:15:05.098Z,28.81,https://playground.fiesta-iot.eu/iot-registry/api/resources/xjH8D9gqsPAeEWXONlQDhTLpAzqI1tCnwGvD5ENx3LE_AZPpKrcIvlLZ7UMX1PfZ379PwT5DaudylRQ7_JpWVYJgViGWIfX0vyRF_bL6lE4=
2018-02-22T09:15:47.458Z,23.36,https://playground.fiesta-iot.eu/iot-registry/api/resources/ldwjmmqo4_6-RQVCIutKqxzvuhdHlMKapA5GYbJYYyGmHvAke4u7h9QoNQfMZOoTgjYWGuIs2Hawo4Ias7mT8s1rJMFwPjoj_GM58F4it7k=
2018-02-22T09:16:08.701Z,31.81,https://playground.fiesta-iot.eu/iot-registry/api/resources/zvx-aKPDaoJEtOMXkP6CjiEfSUctDmFAZTZ6mbo715WMYiG0mh-yiV0O5Kvkd8x7eVwrY4xTAzNK8GQoPRa1wPgZ2-6Zh0n0gGyAld13Xkg=
2018-02-22T09:16:25.662Z,24.07,https://playground.fiesta-iot.eu/iot-registry/api/resources/FQTqx4w__wpO1iEav6H0CnQfOBUZSkhgtOokOc0hs08MXR1_WKPFd1WKEONSlPLp3RUOzvU4IkHtjpYHOtG5xPWB37uvMdxL11P9zIg7PDc=
2018-02-22T09:16:36.214Z,22.48,https://playground.fiesta-iot.eu/iot-registry/api/resources/k5-3_gp4a1LlLj7NbkXE-fBYTaD0V5kmZuFAKU_XiCWVnUoDcTEYmHZbkE0s9qmNO2HPr2m_WUPIOwG-jBgadbxqgM7jIbFK4tBX2wvxV8M=
2018-02-22T09:19:30.911Z,22.21,https://playground.fiesta-iot.eu/iot-registry/api/resources/Huksuaia4wMd2SmtlomvLkIPfY0bhN3Pq7ak90SO0ANVlZmo47RnZcXrgrweHYly5bI8q1IXQrd-j3KtX5UeKeZ_2L-4nnnqb16vNFFbet4=
2018-02-22T09:22:15.243Z,27.04,https://playground.fiesta-iot.eu/iot-registry/api/resources/UQ3ntuvhadCnxNROiCAODjjv_6MgNnDTQQbZGtdU6PLRAXP0eYRc7wkIawseJU0IBnaoV-aUlYCTD0pzHTNAavYa-37EuEaRTZ9j21UoCTc=
2018-02-22T09:22:30.583Z,18.91,https://playground.fiesta-iot.eu/iot-registry/api/resources/XrGos2wFKHqgNQLcEKN45oXPmz46iiJlVdzjNWQuAiZhaiFtdBjv8ZpBqV6II2USaUXK8CIXqL2DUqNBIV3BdErgaLV5edZTBZQgLSww3QE=
2018-02-22T09:23:47.718Z,30.81,https://playground.fiesta-iot.eu/iot-registry/api/resources/zvx-aKPDaoJEtOMXkP6CjiEfSUctDmFAZTZ6mbo715WMYiG0mh-yiV0O5Kvkd8x7eVwrY4xTAzNK8GQoPRa1wPgZ2-6Zh0n0gGyAld13Xkg=
2018-02-22T09:24:36.837Z,22.54,https://playground.fiesta-iot.eu/iot-registry/api/resources/k5-3_gp4a1LlLj7NbkXE-fBYTaD0V5kmZuFAKU_XiCWVnUoDcTEYmHZbkE0s9qmNO2HPr2m_WUPIOwG-jBgadbxqgM7jIbFK4tBX2wvxV8M=
2018-02-22T09:24:49.358Z,27.75,https://playground.fiesta-iot.eu/iot-registry/api/resources/xjH8D9gqsPAeEWXONlQDhTLpAzqI1tCnwGvD5ENx3LE_AZPpKrcIvlLZ7UMX1PfZ379PwT5DaudylRQ7_JpWVYJgViGWIfX0vyRF_bL6lE4=
2018-02-22T09:25:00Z,7.6,https://playground.fiesta-iot.eu/iot-registry/api/resources/z4eML_qbplF2Psbo77mIwGAXahddakX1GI3MFU7E1MZlRWGPB1ft_u9ENPhcE3crDamLIforhMuZZdBieMG5qQSLBD4I2JdoE35c8bs5QA2qPRwV-UDAP_8fZPu5nt5D
2018-02-22T09:25:46.823Z,23.39,https://playground.fiesta-iot.eu/iot-registry/api/resources/ldwjmmqo4_6-RQVCIutKqxzvuhdHlMKapA5GYbJYYyGmHvAke4u7h9QoNQfMZOoTgjYWGuIs2Hawo4Ias7mT8s1rJMFwPjoj_GM58F4it7k=
2018-02-22T09:27:04.662Z,24.95,https://playground.fiesta-iot.eu/iot-registry/api/resources/FQTqx4w__wpO1iEav6H0CnQfOBUZSkhgtOokOc0hs08MXR1_WKPFd1WKEONSlPLp3RUOzvU4IkHtjpYHOtG5xPWB37uvMdxL11P9zIg7PDc=
2018-02-22T09:29:33.159Z,22.34,https://playground.fiesta-iot.eu/iot-registry/api/resources/Huksuaia4wMd2SmtlomvLkIPfY0bhN3Pq7ak90SO0ANVlZmo47RnZcXrgrweHYly5bI8q1IXQrd-j3KtX5UeKeZ_2L-4nnnqb16vNFFbet4=
2018-02-22T09:30:00Z,23.0,https://playground.fiesta-iot.eu/iot-registry/api/resources/W5du2EJzGl_ewNud-Atl4-2tRokwHzGKpubBb33Kifr5Omtbk16UmJXp_admjA0yu-HHPgroDOzU1tieEMXF5HMBw5oeV8gZcgbHJUAr5RdUi3ChbpBk7lZZC3zCx9aR
2018-02-22T09:30:00Z,21.0,https://playground.fiesta-iot.eu/iot-registry/api/resources/6mPmAjbOpKNVarPLLFFKtqvuNcup8MYi0AClsb_VeB7eLr7mulfITdjQzdCKgW8TdvUmCQTHIx3wF4Yfj718NY3B426zQeMJ-aERuevT872nZOjyoUdhfwWzXFo_GVeM
2018-02-22T09:30:00Z,23.0,https://playground.fiesta-iot.eu/iot-registry/api/resources/ZC0f9obdrfLNPvu61yiNg3SV6wiezEOAOqJH5rtrecYn8XzYRFSkeo-E3OFpf1wFiqg-RujUmgB8I3IEdZNcLUMmodKR-iiJr8ck1uDmRN3s5VFKUMZ9ffHl3VeYWdzn
2018-02-22T09:30:00Z,240.0,https://playground.fiesta-iot.eu/iot-registry/api/resources/asHvEiTyhMf9XL0NtzF-7rTIDgmDVdDRcaUaFG0c5g4K4gKtWaRO8a9hOcpaDOSbnJJU83YWyWxuQugti8u3gj3cVL-yQxp3jc2jJ1HTT5EnoxsDQXloR-18W9RWPVtw
2018-02-22T09:30:00Z,23.0,https://playground.fiesta-iot.eu/iot-registry/api/resources/nX2OutLKf0YvalJTF2otd1Yqt6cwlDiP9f0WcD6YgSDuuC6MHCfHhk2N96unEtTOrKe6qwx1Ue4YLeMuwghSWvgMXaNwg7_LtLdV6ScvKzwkPZEOyapTf7xypp86uRQG
2018-02-22T09:30:00Z,23.0,https://playground.fiesta-iot.eu/iot-registry/api/resources/5FiLUs0aTEC_VcWDJUWBBj07-FhK6CxuPGs4rXaq3awowjwDWJsxvpvFvEVd0wSyxgNdkNr-q1MOyCgI1FnsFLe9KU_xnqVV6ms-oiFW64vj6hnu04VZO7pNd67aTe-x
2018-02-22T09:30:00Z,27.0,https://playground.fiesta-iot.eu/iot-registry/api/resources/e4eLyXGHwPuGiMGfiwawteYsr6x7PnHrtgHEMfRJuMabgCxP85yFqte8bRo9UyD4maY2JzUOAjmuHeF3F7ssTYIn2TOiNzKtyWTtjDL-cH76FqBXWC2ftgnelb7ij3FO
2018-02-22T09:30:00Z,23.0,https://playground.fiesta-iot.eu/iot-registry/api/resources/sXsRGYAh8mX8ZXAvEFlcCu55pVZkdXL_jJojvrO6_6v97Cnncyii5xT8h0eJdGV5j6CUJA2ar5CnsjUa4RRMpDX3Fc8QG20akkpGAMlERYEY4EYje1rzyNylDORhWqj1
2018-02-22T09:30:00Z,31.0,https://playground.fiesta-iot.eu/iot-registry/api/resources/sCWgNBPXaWwkxHs7VEQodl-kAAJKa7n1erpqTbT_RdQzkaJIFNRvK5HiPMUxxDIqkr3cNYBBBsASLysIwTi8poxIGOnWGli7wAyqh1c3q02hX5S3MZVNuG-zgtVlu97o
2018-02-22T09:30:00Z,25.0,https://playground.fiesta-iot.eu/iot-registry/api/resources/Xncpa-L5Ra-c8kHgyZo06paZNlSRdXvqZOCeHB5u5guUoq1FsTbFJr2kSqmhv6X_j3Fpv4fa3czTt7rfMSpMNa5osLAp5oVWgNVTZd9YuUWO5FMBT6rL8JKp_c90I7Wb
2018-02-22T09:30:00Z,21.0,https://playground.fiesta-iot.eu/iot-registry/api/resources/V1YH-QeIGRfxCIIeINBrn-O2Aq9x2aRslRwrod34VLtizY9h2nUdRI-Y4SjTRqyu-dNuBsh_1JaO8ZBBlwFHDyQ6A7RyUrFxKnYS6SzYXCu8YZ2HqEtaeveNYUSdYIL3
2018-02-22T09:30:00Z,23.0,https://playground.fiesta-iot.eu/iot-registry/api/resources/KJdQsIGbyjvqUwmU_EJplf4pYFxZBEn1D9kbP8UX6pweGTfra4vmwd3svYj47OWObAUd_SG7wKOTrkYF8Bh2EeX63kbZ41c2ecystlNSbislEji_meb6Or-pfqlwtNUu
2018-02-22T09:30:00Z,33.0,https://playground.fiesta-iot.eu/iot-registry/api/resources/yMAOmm3zC7HDZUtYCKMx5k4Ti5C5hT7_S9ZHcScvbhRB3DHAZah1-rE65wI5tpb_hTO4Pp6ZofiALNw0P0BIoIZl_c5GE6dPJ7sn--_R2PyIxpFZm36YT0h-7jK3MVHP
2018-02-22T09:30:00Z,23.0,https://playground.fiesta-iot.eu/iot-registry/api/resources/VD51grLyIMr1yiyOCd3mhelFzrQ7icP3LU1dYu_b9y4EwoORayCitBucsTn0HCjDm2ZZFgXIzaUPX6e7Pr5P0UOjZ55VPpmYoJw6cmZbobrI-KEpr6moAP7xBFIsHW9-
2018-02-22T09:30:00Z,219.0,https://playground.fiesta-iot.eu/iot-registry/api/resources/KdwL6tX9v90f3mDZSPzhLrBf8ugbXSediTRFwd1dZFd-B5X1lBX8wJZMje1XsN6uYNtWSPoJVQohGF1A-Ytqv3dBdNrkFB0bB4521EeqyXhos72w5gVv23YUQojC8lSp
2018-02-22T09:30:00Z,23.0,https://playground.fiesta-iot.eu/iot-registry/api/resources/h1XKw7Nw21R8rtVF1fkeEO0zalYvqXYQr2fIVl9N-o7zxPze_b0MNaWOUE1lFXmMxzgetiHiUEBWyPJmlEzZAShWPGmYukkIp3ov8cfYkPnsFHDa9lbqn-HS7VZCoCUv
2018-02-22T09:30:00Z,28.0,https://playground.fiesta-iot.eu/iot-registry/api/resources/koHeE4wfk0y4s-YsggMi6cePW5tV0WQgImq_bWwEhS0ncJy8m6GO6qIW1o52eUrkmSFhBPOaKAoC_TrohyoNnQHMZkyNtt10zdDMo51_yHNjmM5krIBUUZ6F6uhk9Lfl
2018-02-22T09:30:00Z,27.0,https://playground.fiesta-iot.eu/iot-registry/api/resources/yeBlDF_1pPYNjYwOnTG00JhssXBiZVyN5lHKyqaBx8k5yspBMkpXVUfgpIQ03ufklU8xQrDAmYckZG90zJAgdywKWmJRaif5-hkpdoq2TOxkWBnchNFPWhVh6Apn4Bgc
2018-02-22T09:30:00Z,33.0,https://playground.fiesta-iot.eu/iot-registry/api/resources/arb5feLz0hVJmV4khAtxtmU4ZasbTizFCc2Q82WOBeJ7ObPinMfb-5dY9DqA04jHU80nlHBID7O5d7hhyBH5bXDHPzVJMpJ2I8x1Ju3xtr9ri4DYw0XlvyMZk3nyZUU9
2018-02-22T09:30:00Z,23.0,https://playground.fiesta-iot.eu/iot-registry/api/resources/MoJbp36FWcoHd09x8yvpGRbdfJ6R6GldhZxpyorDMfeHD7QbdjEUo4JkMOtUwZjxR6bshbpndQFy5vqMSBtCAiUPEAdQ-O5rsBvn36DHFkVoI3tExBnGqkpuFphngBVo
2018-02-22T09:30:00Z,30.0,https://playground.fiesta-iot.eu/iot-registry/api/resources/ORnt0eFjSUotSgFVOQeHpQthHvjY6vz9_LzOkV-BPkkBmCqZBVASLn8xb0ksAYgzNHl5dAzm0aMxgBuMCbeREB1rx2WLLl4ia9LsGpeejR9podvMrZNeWngN7YK7KMby
2018-02-22T09:30:00Z,23.0,https://playground.fiesta-iot.eu/iot-registry/api/resources/56ho0gf8mCdS-o-mUREhhfytOqloa-tNu-l0H2s5VtsQwfhcdFPw2GhBfjjU3WGI4dn_OTvCWqn-uvdwWwhH6lo9ECBzUIXvSxIUoYu57QNsscNKTQfN9_R_E_4gjOKM
2018-02-22T09:30:00Z,26.0,https://playground.fiesta-iot.eu/iot-registry/api/resources/aG9BmIcSlsu9uHb9HsN7Ac6UaIMwZzzTtLwgf4Q1jybodkcKDEneCOLFxPEDz1-hIqV2S_xXnuYLE1f3mgfmKpyEI0z5OCnBbLTAK_ewv12rKWFFpIH34jn4zJ5fRoqW
2018-02-22T09:30:00Z,334.0,https://playground.fiesta-iot.eu/iot-registry/api/resources/j7FkMmdJBXBPT6Y8GmcythgkDhRiLFfBlfQOOC3FEVaPGLd28zaiDM_tJ-8-Sl5jbCJGtk__mJmTD7XH7fAEfFckr7Dm6GsBkqlg1B-u_Dquzsh9RpuKdOCX0BFpuzI5
2018-02-22T09:30:00Z,27.0,https://playground.fiesta-iot.eu/iot-registry/api/resources/yc3lci3IcdobHr4oKV_SNYNKOgs-xptxLSYHEKvl4gFoq92zbXxc4M1IL2n50Dw1k5Ki_fVjp5ag5A59hQ6PBq4uCFEOGlDMCjnQD_CgZ2JgFuvfDPX6EpBdX8rk70gE
2018-02-22T09:30:00Z,281.0,https://playground.fiesta-iot.eu/iot-registry/api/resources/MPGM4eJOmLBB5SeVX6E9HWzqC1KjKLg87L48ZVGyU80D77mZXSEcWgck12rs504ierr9BOljDaxpdOJLcQrvP0-4Y30gDxfAje8djalU_5catGYBbPVnO_ewU5SUiH5A
2018-02-22T09:30:00Z,28.0,https://playground.fiesta-iot.eu/iot-registry/api/resources/CSO2y2cQU_LnJiz74e6yk_0g9o69PBsPYXK5WOb-x2iJuOSwg5VIVBUlyv-Y1kT2CIaOMfNQiTNOo37o1nygCwhmJV6Fd-ZGeuXkm3XpVP0zqeUcy9BIPh5Ld-A7VV3g
2018-02-22T09:30:00Z,31.0,https://playground.fiesta-iot.eu/iot-registry/api/resources/dfiCZSvOQ4HB4G9A0-574SI98VDa-rHw6XSelqruUR9-SbFZgqdhfZmFIPrcgzZ9S3FUmR0K2qp-Ex1ABBACj0ufT_l2wfV7WkpeJbvJIGDWrNOIEM4tx4_ImLd7IJBz
2018-02-22T09:30:00Z,316.0,https://playground.fiesta-iot.eu/iot-registry/api/resources/O07wufrWNvGVOw-Ax5sLvp4ku3ZBIa0yu9lqTOjkvLVMttKfVjnc2_M4gJE5qrdj85xmC2ggeAvS5JJaPriTsYvAMSazv7A3boJEJ0bbeVDii9BBa0tj3oUUJgRnKmbO
2018-02-22T09:30:00Z,203.0,https://playground.fiesta-iot.eu/iot-registry/api/resources/e1cuF-lDGkj65CiuAB_aTBGArbFWGOVK-rmlmP3TRCe3rqxWus42Wl2vO2t3C7yC8YurdoRr8GiWGTpq0mqWyv6-aALa5_gdvNXYR8dOHEDScelrZIHv5ac7fl2kF-AG
2018-02-22T09:30:00Z,28.0,https://playground.fiesta-iot.eu/iot-registry/api/resources/hR7y4NEgx7tJWb4QdSCI1Gx61m6G2v6GKrpkrvFX0ESmaoY49m02dbNJGxDEbtK5nBJ8Jqkrq2CG4gszLi2MusL4A01IjbsMr-SWXgQAATyFxhTQujF3f4KiLa0uyN8w
2018-02-22T09:30:00Z,23.0,https://playground.fiesta-iot.eu/iot-registry/api/resources/wuVbNPAfVV4QttJFXJ9H331iu7hOP6CA-oFDKdE_DsHzho2uxOABD9PWCnRRd4RXXQJmvWlIbA-FP6EFRTyI6ohh9H2VPl9MbmpycKFP5VXeMYUfkyZau5Lf4VFDLh_u
2018-02-22T09:30:01.66Z,9.5,https://playground.fiesta-iot.eu/iot-registry/api/resources/FUIBUTUDCOdIfNX8hVyka6E1pmNgjLAuOA6XctHsoQe1AZCpnmuOxjnPZtnRjD-A
2018-02-22T09:30:16.197Z,19.01,https://playground.fiesta-iot.eu/iot-registry/api/resources/XrGos2wFKHqgNQLcEKN45oXPmz46iiJlVdzjNWQuAiZhaiFtdBjv8ZpBqV6II2USaUXK8CIXqL2DUqNBIV3BdErgaLV5edZTBZQgLSww3QE=
2018-02-22T09:31:43.536Z,27.86,https://playground.fiesta-iot.eu/iot-registry/api/resources/UQ3ntuvhadCnxNROiCAODjjv_6MgNnDTQQbZGtdU6PLRAXP0eYRc7wkIawseJU0IBnaoV-aUlYCTD0pzHTNAavYa-37EuEaRTZ9j21UoCTc=
2018-02-22T09:33:22.544Z,30.62,https://playground.fiesta-iot.eu/iot-registry/api/resources/zvx-aKPDaoJEtOMXkP6CjiEfSUctDmFAZTZ6mbo715WMYiG0mh-yiV0O5Kvkd8x7eVwrY4xTAzNK8GQoPRa1wPgZ2-6Zh0n0gGyAld13Xkg=
2018-02-22T09:33:46.249Z,23.42,https://playground.fiesta-iot.eu/iot-registry/api/resources/ldwjmmqo4_6-RQVCIutKqxzvuhdHlMKapA5GYbJYYyGmHvAke4u7h9QoNQfMZOoTgjYWGuIs2Hawo4Ias7mT8s1rJMFwPjoj_GM58F4it7k=
2018-02-22T09:34:35.034Z,26.8,https://playground.fiesta-iot.eu/iot-registry/api/resources/xjH8D9gqsPAeEWXONlQDhTLpAzqI1tCnwGvD5ENx3LE_AZPpKrcIvlLZ7UMX1PfZ379PwT5DaudylRQ7_JpWVYJgViGWIfX0vyRF_bL6lE4=
2018-02-22T09:34:37.606Z,22.57,https://playground.fiesta-iot.eu/iot-registry/api/resources/k5-3_gp4a1LlLj7NbkXE-fBYTaD0V5kmZuFAKU_XiCWVnUoDcTEYmHZbkE0s9qmNO2HPr2m_WUPIOwG-jBgadbxqgM7jIbFK4tBX2wvxV8M=
2018-02-22T09:35:34.67Z,25.84,https://playground.fiesta-iot.eu/iot-registry/api/resources/FQTqx4w__wpO1iEav6H0CnQfOBUZSkhgtOokOc0hs08MXR1_WKPFd1WKEONSlPLp3RUOzvU4IkHtjpYHOtG5xPWB37uvMdxL11P9zIg7PDc=
2018-02-22T09:37:34.463Z,22.43,https://playground.fiesta-iot.eu/iot-registry/api/resources/Huksuaia4wMd2SmtlomvLkIPfY0bhN3Pq7ak90SO0ANVlZmo47RnZcXrgrweHYly5bI8q1IXQrd-j3KtX5UeKeZ_2L-4nnnqb16vNFFbet4=
2018-02-22T09:39:16.987Z,28.75,https://playground.fiesta-iot.eu/iot-registry/api/resources/UQ3ntuvhadCnxNROiCAODjjv_6MgNnDTQQbZGtdU6PLRAXP0eYRc7wkIawseJU0IBnaoV-aUlYCTD0pzHTNAavYa-37EuEaRTZ9j21UoCTc=
2018-02-22T09:39:57.408Z,19.18,https://playground.fiesta-iot.eu/iot-registry/api/resources/XrGos2wFKHqgNQLcEKN45oXPmz46iiJlVdzjNWQuAiZhaiFtdBjv8ZpBqV6II2USaUXK8CIXqL2DUqNBIV3BdErgaLV5edZTBZQgLSww3QE=
2018-02-22T09:40:00Z,7.6,https://playground.fiesta-iot.eu/iot-registry/api/resources/z4eML_qbplF2Psbo77mIwGAXahddakX1GI3MFU7E1MZlRWGPB1ft_u9ENPhcE3crDamLIforhMuZZdBieMG5qQSLBD4I2JdoE35c8bs5QA2qPRwV-UDAP_8fZPu5nt5D
2018-02-22T09:42:24.67Z,26.37,https://playground.fiesta-iot.eu/iot-registry/api/resources/xjH8D9gqsPAeEWXONlQDhTLpAzqI1tCnwGvD5ENx3LE_AZPpKrcIvlLZ7UMX1PfZ379PwT5DaudylRQ7_JpWVYJgViGWIfX0vyRF_bL6lE4=
2018-02-22T09:42:38.127Z,22.62,https://playground.fiesta-iot.eu/iot-registry/api/resources/k5-3_gp4a1LlLj7NbkXE-fBYTaD0V5kmZuFAKU_XiCWVnUoDcTEYmHZbkE0s9qmNO2HPr2m_WUPIOwG-jBgadbxqgM7jIbFK4tBX2wvxV8M=
2018-02-22T09:42:57.441Z,30.62,https://playground.fiesta-iot.eu/iot-registry/api/resources/zvx-aKPDaoJEtOMXkP6CjiEfSUctDmFAZTZ6mbo715WMYiG0mh-yiV0O5Kvkd8x7eVwrY4xTAzNK8GQoPRa1wPgZ2-6Zh0n0gGyAld13Xkg=
2018-02-22T09:43:45.324Z,23.46,https://playground.fiesta-iot.eu/iot-registry/api/resources/ldwjmmqo4_6-RQVCIutKqxzvuhdHlMKapA5GYbJYYyGmHvAke4u7h9QoNQfMZOoTgjYWGuIs2Hawo4Ias7mT8s1rJMFwPjoj_GM58F4it7k=
2018-02-22T09:44:03.996Z,26.42,https://playground.fiesta-iot.eu/iot-registry/api/resources/FQTqx4w__wpO1iEav6H0CnQfOBUZSkhgtOokOc0hs08MXR1_WKPFd1WKEONSlPLp3RUOzvU4IkHtjpYHOtG5xPWB37uvMdxL11P9zIg7PDc=
2018-02-22T09:45:01.502Z,10.5,https://playground.fiesta-iot.eu/iot-registry/api/resources/FUIBUTUDCOdIfNX8hVyka6E1pmNgjLAuOA6XctHsoQe1AZCpnmuOxjnPZtnRjD-A
2018-02-22T09:47:35.877Z,22.49,https://playground.fiesta-iot.eu/iot-registry/api/resources/Huksuaia4wMd2SmtlomvLkIPfY0bhN3Pq7ak90SO0ANVlZmo47RnZcXrgrweHYly5bI8q1IXQrd-j3KtX5UeKeZ_2L-4nnnqb16vNFFbet4=
2018-02-22T09:48:42.043Z,29.06,https://playground.fiesta-iot.eu/iot-registry/api/resources/UQ3ntuvhadCnxNROiCAODjjv_6MgNnDTQQbZGtdU6PLRAXP0eYRc7wkIawseJU0IBnaoV-aUlYCTD0pzHTNAavYa-37EuEaRTZ9j21UoCTc=
2018-02-22T09:49:38.62Z,18.83,https://playground.fiesta-iot.eu/iot-registry/api/resources/XrGos2wFKHqgNQLcEKN45oXPmz46iiJlVdzjNWQuAiZhaiFtdBjv8ZpBqV6II2USaUXK8CIXqL2DUqNBIV3BdErgaLV5edZTBZQgLSww3QE=
2018-02-22T09:50:00Z,23.0,https://playground.fiesta-iot.eu/iot-registry/api/resources/W5du2EJzGl_ewNud-Atl4-2tRokwHzGKpubBb33Kifr5Omtbk16UmJXp_admjA0yu-HHPgroDOzU1tieEMXF5HMBw5oeV8gZcgbHJUAr5RdUi3ChbpBk7lZZC3zCx9aR
2018-02-22T09:50:00Z,21.0,https://playground.fiesta-iot.eu/iot-registry/api/resources/6mPmAjbOpKNVarPLLFFKtqvuNcup8MYi0AClsb_VeB7eLr7mulfITdjQzdCKgW8TdvUmCQTHIx3wF4Yfj718NY3B426zQeMJ-aERuevT872nZOjyoUdhfwWzXFo_GVeM
2018-02-22T09:50:00Z,23.0,https://playground.fiesta-iot.eu/iot-registry/api/resources/ZC0f9obdrfLNPvu61yiNg3SV6wiezEOAOqJH5rtrecYn8XzYRFSkeo-E3OFpf1wFiqg-RujUmgB8I3IEdZNcLUMmodKR-iiJr8ck1uDmRN3s5VFKUMZ9ffHl3VeYWdzn
2018-02-22T09:50:00Z,241.0,https://playground.fiesta-iot.eu/iot-registry/api/resources/asHvEiTyhMf9XL0NtzF-7rTIDgmDVdDRcaUaFG0c5g4K4gKtWaRO8a9hOcpaDOSbnJJU83YWyWxuQugti8u3gj3cVL-yQxp3jc2jJ1HTT5EnoxsDQXloR-18W9RWPVtw
2018-02-22T09:50:00Z,23.0,https://playground.fiesta-iot.eu/iot-registry/api/resources/nX2OutLKf0YvalJTF2otd1Yqt6cwlDiP9f0WcD6YgSDuuC6MHCfHhk2N96unEtTOrKe6qwx1Ue4YLeMuwghSWvgMXaNwg7_LtLdV6ScvKzwkPZEOyapTf7xypp86uRQG
2018-02-22T09:50:00Z,23.0,https://playground.fiesta-iot.eu/iot-registry/api/resources/5FiLUs0aTEC_VcWDJUWBBj07-FhK6CxuPGs4rXaq3awowjwDWJsxvpvFvEVd0wSyxgNdkNr-q1MOyCgI1FnsFLe9KU_xnqVV6ms-oiFW64vj6hnu04VZO7pNd67aTe-x
2018-02-22T09:50:00Z,27.0,https://playground.fiesta-iot.eu/iot-registry/api/resources/e4eLyXGHwPuGiMGfiwawteYsr6x7PnHrtgHEMfRJuMabgCxP85yFqte8bRo9UyD4maY2JzUOAjmuHeF3F7ssTYIn2TOiNzKtyWTtjDL-cH76FqBXWC2ftgnelb7ij3FO
2018-02-22T09:50:00Z,23.0,https://playground.fiesta-iot.eu/iot-registry/api/resources/sXsRGYAh8mX8ZXAvEFlcCu55pVZkdXL_jJojvrO6_6v97Cnncyii5xT8h0eJdGV5j6CUJA2ar5CnsjUa4RRMpDX3Fc8QG20akkpGAMlERYEY4EYje1rzyNylDORhWqj1
2018-02-22T09:50:00Z,31.0,https://playground.fiesta-iot.eu/iot-registry/api/resources/sCWgNBPXaWwkxHs7VEQodl-kAAJKa7n1erpqTbT_RdQzkaJIFNRvK5HiPMUxxDIqkr3cNYBBBsASLysIwTi8poxIGOnWGli7wAyqh1c3q02hX5S3MZVNuG-zgtVlu97o
2018-02-22T09:50:00Z,25.0,https://playground.fiesta-iot.eu/iot-registry/api/resources/Xncpa-L5Ra-c8kHgyZo06paZNlSRdXvqZOCeHB5u5guUoq1FsTbFJr2kSqmhv6X_j3Fpv4fa3czTt7rfMSpMNa5osLAp5oVWgNVTZd9YuUWO5FMBT6rL8JKp_c90I7Wb
2018-02-22T09:50:00Z,22.0,https://playground.fiesta-iot.eu/iot-registry/api/resources/V1YH-QeIGRfxCIIeINBrn-O2Aq9x2aRslRwrod34VLtizY9h2nUdRI-Y4SjTRqyu-dNuBsh_1JaO8ZBBlwFHDyQ6A7RyUrFxKnYS6SzYXCu8YZ2HqEtaeveNYUSdYIL3
2018-02-22T09:50:00Z,23.0,https://playground.fiesta-iot.eu/iot-registry/api/resources/KJdQsIGbyjvqUwmU_EJplf4pYFxZBEn1D9kbP8UX6pweGTfra4vmwd3svYj47OWObAUd_SG7wKOTrkYF8Bh2EeX63kbZ41c2ecystlNSbislEji_meb6Or-pfqlwtNUu
2018-02-22T09:50:00Z,33.0,https://playground.fiesta-iot.eu/iot-registry/api/resources/yMAOmm3zC7HDZUtYCKMx5k4Ti5C5hT7_S9ZHcScvbhRB3DHAZah1-rE65wI5tpb_hTO4Pp6ZofiALNw0P0BIoIZl_c5GE6dPJ7sn--_R2PyIxpFZm36YT0h-7jK3MVHP
2018-02-22T09:50:00Z,23.0,https://playground.fiesta-iot.eu/iot-registry/api/resources/VD51grLyIMr1yiyOCd3mhelFzrQ7icP3LU1dYu_b9y4EwoORayCitBucsTn0HCjDm2ZZFgXIzaUPX6e7Pr5P0UOjZ55VPpmYoJw6cmZbobrI-KEpr6moAP7xBFIsHW9-
2018-02-22T09:50:00Z,225.0,https://playground.fiesta-iot.eu/iot-registry/api/resources/KdwL6tX9v90f3mDZSPzhLrBf8ugbXSediTRFwd1dZFd-B5X1lBX8wJZMje1XsN6uYNtWSPoJVQohGF1A-Ytqv3dBdNrkFB0bB4521EeqyXhos72w5gVv23YUQojC8lSp
2018-02-22T09:50:00Z,23.0,https://playground.fiesta-iot.eu/iot-registry/api/resources/h1XKw7Nw21R8rtVF1fkeEO0zalYvqXYQr2fIVl9N-o7zxPze_b0MNaWOUE1lFXmMxzgetiHiUEBWyPJmlEzZAShWPGmYukkIp3ov8cfYkPnsFHDa9lbqn-HS7VZCoCUv
2018-02-22T09:50:00Z,28.0,https://playground.fiesta-iot.eu/iot-registry/api/resources/koHeE4wfk0y4s-YsggMi6cePW5tV0WQgImq_bWwEhS0ncJy8m6GO6qIW1o52eUrkmSFhBPOaKAoC_TrohyoNnQHMZkyNtt10zdDMo51_yHNjmM5krIBUUZ6F6uhk9Lfl
2018-02-22T09:50:00Z,27.0,https://playground.fiesta-iot.eu/iot-registry/api/resources/yeBlDF_1pPYNjYwOnTG00JhssXBiZVyN5lHKyqaBx8k5yspBMkpXVUfgpIQ03ufklU8xQrDAmYckZG90zJAgdywKWmJRaif5-hkpdoq2TOxkWBnchNFPWhVh6Apn4Bgc
2018-02-22T09:50:00Z,33.0,https://playground.fiesta-iot.eu/iot-registry/api/resources/arb5feLz0hVJmV4khAtxtmU4ZasbTizFCc2Q82WOBeJ7ObPinMfb-5dY9DqA04jHU80nlHBID7O5d7hhyBH5bXDHPzVJMpJ2I8x1Ju3xtr9ri4DYw0XlvyMZk3nyZUU9
2018-02-22T09:50:00Z,24.0,https://playground.fiesta-iot.eu/iot-registry/api/resources/MoJbp36FWcoHd09x8yvpGRbdfJ6R6GldhZxpyorDMfeHD7QbdjEUo4JkMOtUwZjxR6bshbpndQFy5vqMSBtCAiUPEAdQ-O5rsBvn36DHFkVoI3tExBnGqkpuFphngBVo
2018-02-22T09:50:00Z,30.0,https://playground.fiesta-iot.eu/iot-registry/api/resources/ORnt0eFjSUotSgFVOQeHpQthHvjY6vz9_LzOkV-BPkkBmCqZBVASLn8xb0ksAYgzNHl5dAzm0aMxgBuMCbeREB1rx2WLLl4ia9LsGpeejR9podvMrZNeWngN7YK7KMby
2018-02-22T09:50:00Z,23.0,https://playground.fiesta-iot.eu/iot-registry/api/resources/56ho0gf8mCdS-o-mUREhhfytOqloa-tNu-l0H2s5VtsQwfhcdFPw2GhBfjjU3WGI4dn_OTvCWqn-uvdwWwhH6lo9ECBzUIXvSxIUoYu57QNsscNKTQfN9_R_E_4gjOKM
2018-02-22T09:50:00Z,26.0,https://playground.fiesta-iot.eu/iot-registry/api/resources/aG9BmIcSlsu9uHb9HsN7Ac6UaIMwZzzTtLwgf4Q1jybodkcKDEneCOLFxPEDz1-hIqV2S_xXnuYLE1f3mgfmKpyEI0z5OCnBbLTAK_ewv12rKWFFpIH34jn4zJ5fRoqW
2018-02-22T09:50:00Z,332.0,https://playground.fiesta-iot.eu/iot-registry/api/resources/j7FkMmdJBXBPT6Y8GmcythgkDhRiLFfBlfQOOC3FEVaPGLd28zaiDM_tJ-8-Sl5jbCJGtk__mJmTD7XH7fAEfFckr7Dm6GsBkqlg1B-u_Dquzsh9RpuKdOCX0BFpuzI5
2018-02-22T09:50:00Z,28.0,https://playground.fiesta-iot.eu/iot-registry/api/resources/yc3lci3IcdobHr4oKV_SNYNKOgs-xptxLSYHEKvl4gFoq92zbXxc4M1IL2n50Dw1k5Ki_fVjp5ag5A59hQ6PBq4uCFEOGlDMCjnQD_CgZ2JgFuvfDPX6EpBdX8rk70gE
2018-02-22T09:50:00Z,287.0,https://playground.fiesta-iot.eu/iot-registry/api/resources/MPGM4eJOmLBB5SeVX6E9HWzqC1KjKLg87L48ZVGyU80D77mZXSEcWgck12rs504ierr9BOljDaxpdOJLcQrvP0-4Y30gDxfAje8djalU_5catGYBbPVnO_ewU5SUiH5A
2018-02-22T09:50:00Z,28.0,https://playground.fiesta-iot.eu/iot-registry/api/resources/CSO2y2cQU_LnJiz74e6yk_0g9o69PBsPYXK5WOb-x2iJuOSwg5VIVBUlyv-Y1kT2CIaOMfNQiTNOo37o1nygCwhmJV6Fd-ZGeuXkm3XpVP0zqeUcy9BIPh5Ld-A7VV3g
2018-02-22T09:50:00Z,32.0,https://playground.fiesta-iot.eu/iot-registry/api/resources/dfiCZSvOQ4HB4G9A0-574SI98VDa-rHw6XSelqruUR9-SbFZgqdhfZmFIPrcgzZ9S3FUmR0K2qp-Ex1ABBACj0ufT_l2wfV7WkpeJbvJIGDWrNOIEM4tx4_ImLd7IJBz
2018-02-22T09:50:00Z,322.0,https://playground.fiesta-iot.eu/iot-registry/api/resources/O07wufrWNvGVOw-Ax5sLvp4ku3ZBIa0yu9lqTOjkvLVMttKfVjnc2_M4gJE5qrdj85xmC2ggeAvS5JJaPriTsYvAMSazv7A3boJEJ0bbeVDii9BBa0tj3oUUJgRnKmbO
2018-02-22T09:50:00Z,206.0,https://playground.fiesta-iot.eu/iot-registry/api/resources/e1cuF-lDGkj65CiuAB_aTBGArbFWGOVK-rmlmP3TRCe3rqxWus42Wl2vO2t3C7yC8YurdoRr8GiWGTpq0mqWyv6-aALa5_gdvNXYR8dOHEDScelrZIHv5ac7fl2kF-AG
2018-02-22T09:50:00Z,28.0,https://playground.fiesta-iot.eu/iot-registry/api/resources/hR7y4NEgx7tJWb4QdSCI1Gx61m6G2v6GKrpkrvFX0ESmaoY49m02dbNJGxDEbtK5nBJ8Jqkrq2CG4gszLi2MusL4A01IjbsMr-SWXgQAATyFxhTQujF3f4KiLa0uyN8w
2018-02-22T09:50:00Z,23.0,https://playground.fiesta-iot.eu/iot-registry/api/resources/wuVbNPAfVV4QttJFXJ9H331iu7hOP6CA-oFDKdE_DsHzho2uxOABD9PWCnRRd4RXXQJmvWlIbA-FP6EFRTyI6ohh9H2VPl9MbmpycKFP5VXeMYUfkyZau5Lf4VFDLh_u
2018-02-22T09:50:37.614Z,30.83,https://playground.fiesta-iot.eu/iot-registry/api/resources/zvx-aKPDaoJEtOMXkP6CjiEfSUctDmFAZTZ6mbo715WMYiG0mh-yiV0O5Kvkd8x7eVwrY4xTAzNK8GQoPRa1wPgZ2-6Zh0n0gGyAld13Xkg=
2018-02-22T09:51:44.575Z,23.43,https://playground.fiesta-iot.eu/iot-registry/api/resources/ldwjmmqo4_6-RQVCIutKqxzvuhdHlMKapA5GYbJYYyGmHvAke4u7h9QoNQfMZOoTgjYWGuIs2Hawo4Ias7mT8s1rJMFwPjoj_GM58F4it7k=
2018-02-22T09:52:13.07Z,25.81,https://playground.fiesta-iot.eu/iot-registry/api/resources/xjH8D9gqsPAeEWXONlQDhTLpAzqI1tCnwGvD5ENx3LE_AZPpKrcIvlLZ7UMX1PfZ379PwT5DaudylRQ7_JpWVYJgViGWIfX0vyRF_bL6lE4=
2018-02-22T09:52:31.625Z,27.34,https://playground.fiesta-iot.eu/iot-registry/api/resources/FQTqx4w__wpO1iEav6H0CnQfOBUZSkhgtOokOc0hs08MXR1_WKPFd1WKEONSlPLp3RUOzvU4IkHtjpYHOtG5xPWB37uvMdxL11P9zIg7PDc=
2018-02-22T09:52:38.567Z,22.72,https://playground.fiesta-iot.eu/iot-registry/api/resources/k5-3_gp4a1LlLj7NbkXE-fBYTaD0V5kmZuFAKU_XiCWVnUoDcTEYmHZbkE0s9qmNO2HPr2m_WUPIOwG-jBgadbxqgM7jIbFK4tBX2wvxV8M=
2018-02-22T09:55:00Z,7.9,https://playground.fiesta-iot.eu/iot-registry/api/resources/z4eML_qbplF2Psbo77mIwGAXahddakX1GI3MFU7E1MZlRWGPB1ft_u9ENPhcE3crDamLIforhMuZZdBieMG5qQSLBD4I2JdoE35c8bs5QA2qPRwV-UDAP_8fZPu5nt5D
2018-02-22T09:55:37.352Z,22.53,https://playground.fiesta-iot.eu/iot-registry/api/resources/Huksuaia4wMd2SmtlomvLkIPfY0bhN3Pq7ak90SO0ANVlZmo47RnZcXrgrweHYly5bI8q1IXQrd-j3KtX5UeKeZ_2L-4nnnqb16vNFFbet4=
2018-02-22T09:57:23.506Z,18.04,https://playground.fiesta-iot.eu/iot-registry/api/resources/XrGos2wFKHqgNQLcEKN45oXPmz46iiJlVdzjNWQuAiZhaiFtdBjv8ZpBqV6II2USaUXK8CIXqL2DUqNBIV3BdErgaLV5edZTBZQgLSww3QE=
2018-02-22T09:58:05.959Z,27.02,https://playground.fiesta-iot.eu/iot-registry/api/resources/UQ3ntuvhadCnxNROiCAODjjv_6MgNnDTQQbZGtdU6PLRAXP0eYRc7wkIawseJU0IBnaoV-aUlYCTD0pzHTNAavYa-37EuEaRTZ9j21UoCTc=
2018-02-22T10:00:01.682Z,10.5,https://playground.fiesta-iot.eu/iot-registry/api/resources/FUIBUTUDCOdIfNX8hVyka6E1pmNgjLAuOA6XctHsoQe1AZCpnmuOxjnPZtnRjD-A
2018-02-22T10:00:04.648Z,25.51,https://playground.fiesta-iot.eu/iot-registry/api/resources/xjH8D9gqsPAeEWXONlQDhTLpAzqI1tCnwGvD5ENx3LE_AZPpKrcIvlLZ7UMX1PfZ379PwT5DaudylRQ7_JpWVYJgViGWIfX0vyRF_bL6lE4=
2018-02-22T10:00:12.767Z,30.72,https://playground.fiesta-iot.eu/iot-registry/api/resources/zvx-aKPDaoJEtOMXkP6CjiEfSUctDmFAZTZ6mbo715WMYiG0mh-yiV0O5Kvkd8x7eVwrY4xTAzNK8GQoPRa1wPgZ2-6Zh0n0gGyAld13Xkg=
2018-02-22T10:00:38.754Z,22.82,https://playground.fiesta-iot.eu/iot-registry/api/resources/k5-3_gp4a1LlLj7NbkXE-fBYTaD0V5kmZuFAKU_XiCWVnUoDcTEYmHZbkE0s9qmNO2HPr2m_WUPIOwG-jBgadbxqgM7jIbFK4tBX2wvxV8M=
2018-02-22T10:01:43.551Z,23.48,https://playground.fiesta-iot.eu/iot-registry/api/resources/ldwjmmqo4_6-RQVCIutKqxzvuhdHlMKapA5GYbJYYyGmHvAke4u7h9QoNQfMZOoTgjYWGuIs2Hawo4Ias7mT8s1rJMFwPjoj_GM58F4it7k=
2018-02-22T10:03:05.393Z,27.8,https://playground.fiesta-iot.eu/iot-registry/api/resources/FQTqx4w__wpO1iEav6H0CnQfOBUZSkhgtOokOc0hs08MXR1_WKPFd1WKEONSlPLp3RUOzvU4IkHtjpYHOtG5xPWB37uvMdxL11P9zIg7PDc=
2018-02-22T10:05:39.107Z,22.53,https://playground.fiesta-iot.eu/iot-registry/api/resources/Huksuaia4wMd2SmtlomvLkIPfY0bhN3Pq7ak90SO0ANVlZmo47RnZcXrgrweHYly5bI8q1IXQrd-j3KtX5UeKeZ_2L-4nnnqb16vNFFbet4=
2018-02-22T10:07:05.044Z,24.11,https://playground.fiesta-iot.eu/iot-registry/api/resources/UQ3ntuvhadCnxNROiCAODjjv_6MgNnDTQQbZGtdU6PLRAXP0eYRc7wkIawseJU0IBnaoV-aUlYCTD0pzHTNAavYa-37EuEaRTZ9j21UoCTc=
2018-02-22T10:07:06.083Z,17.62,https://playground.fiesta-iot.eu/iot-registry/api/resources/XrGos2wFKHqgNQLcEKN45oXPmz46iiJlVdzjNWQuAiZhaiFtdBjv8ZpBqV6II2USaUXK8CIXqL2DUqNBIV3BdErgaLV5edZTBZQgLSww3QE=
2018-02-22T10:09:42.503Z,23.56,https://playground.fiesta-iot.eu/iot-registry/api/resources/ldwjmmqo4_6-RQVCIutKqxzvuhdHlMKapA5GYbJYYyGmHvAke4u7h9QoNQfMZOoTgjYWGuIs2Hawo4Ias7mT8s1rJMFwPjoj_GM58F4it7k=
2018-02-22T10:09:48.046Z,31.06,https://playground.fiesta-iot.eu/iot-registry/api/resources/zvx-aKPDaoJEtOMXkP6CjiEfSUctDmFAZTZ6mbo715WMYiG0mh-yiV0O5Kvkd8x7eVwrY4xTAzNK8GQoPRa1wPgZ2-6Zh0n0gGyAld13Xkg=
2018-02-22T10:09:54.931Z,25.23,https://playground.fiesta-iot.eu/iot-registry/api/resources/xjH8D9gqsPAeEWXONlQDhTLpAzqI1tCnwGvD5ENx3LE_AZPpKrcIvlLZ7UMX1PfZ379PwT5DaudylRQ7_JpWVYJgViGWIfX0vyRF_bL6lE4=
2018-02-22T10:10:00Z,23.0,https://playground.fiesta-iot.eu/iot-registry/api/resources/W5du2EJzGl_ewNud-Atl4-2tRokwHzGKpubBb33Kifr5Omtbk16UmJXp_admjA0yu-HHPgroDOzU1tieEMXF5HMBw5oeV8gZcgbHJUAr5RdUi3ChbpBk7lZZC3zCx9aR
2018-02-22T10:10:00Z,21.0,https://playground.fiesta-iot.eu/iot-registry/api/resources/6mPmAjbOpKNVarPLLFFKtqvuNcup8MYi0AClsb_VeB7eLr7mulfITdjQzdCKgW8TdvUmCQTHIx3wF4Yfj718NY3B426zQeMJ-aERuevT872nZOjyoUdhfwWzXFo_GVeM
2018-02-22T10:10:00Z,23.0,https://playground.fiesta-iot.eu/iot-registry/api/resources/ZC0f9obdrfLNPvu61yiNg3SV6wiezEOAOqJH5rtrecYn8XzYRFSkeo-E3OFpf1wFiqg-RujUmgB8I3IEdZNcLUMmodKR-iiJr8ck1uDmRN3s5VFKUMZ9ffHl3VeYWdzn
2018-02-22T10:10:00Z,242.0,https://playground.fiesta-iot.eu/iot-registry/api/resources/asHvEiTyhMf9XL0NtzF-7rTIDgmDVdDRcaUaFG0c5g4K4gKtWaRO8a9hOcpaDOSbnJJU83YWyWxuQugti8u3gj3cVL-yQxp3jc2jJ1HTT5EnoxsDQXloR-18W9RWPVtw
2018-02-22T10:10:00Z,23.0,https://playground.fiesta-iot.eu/iot-registry/api/resources/nX2OutLKf0YvalJTF2otd1Yqt6cwlDiP9f0WcD6YgSDuuC6MHCfHhk2N96unEtTOrKe6qwx1Ue4YLeMuwghSWvgMXaNwg7_LtLdV6ScvKzwkPZEOyapTf7xypp86uRQG
2018-02-22T10:10:00Z,23.0,https://playground.fiesta-iot.eu/iot-registry/api/resources/5FiLUs0aTEC_VcWDJUWBBj07-FhK6CxuPGs4rXaq3awowjwDWJsxvpvFvEVd0wSyxgNdkNr-q1MOyCgI1FnsFLe9KU_xnqVV6ms-oiFW64vj6hnu04VZO7pNd67aTe-x
2018-02-22T10:10:00Z,27.0,https://playground.fiesta-iot.eu/iot-registry/api/resources/e4eLyXGHwPuGiMGfiwawteYsr6x7PnHrtgHEMfRJuMabgCxP85yFqte8bRo9UyD4maY2JzUOAjmuHeF3F7ssTYIn2TOiNzKtyWTtjDL-cH76FqBXWC2ftgnelb7ij3FO
2018-02-22T10:10:00Z,23.0,https://playground.fiesta-iot.eu/iot-registry/api/resources/sXsRGYAh8mX8ZXAvEFlcCu55pVZkdXL_jJojvrO6_6v97Cnncyii5xT8h0eJdGV5j6CUJA2ar5CnsjUa4RRMpDX3Fc8QG20akkpGAMlERYEY4EYje1rzyNylDORhWqj1
2018-02-22T10:10:00Z,31.0,https://playground.fiesta-iot.eu/iot-registry/api/resources/sCWgNBPXaWwkxHs7VEQodl-kAAJKa7n1erpqTbT_RdQzkaJIFNRvK5HiPMUxxDIqkr3cNYBBBsASLysIwTi8poxIGOnWGli7wAyqh1c3q02hX5S3MZVNuG-zgtVlu97o
2018-02-22T10:10:00Z,25.0,https://playground.fiesta-iot.eu/iot-registry/api/resources/Xncpa-L5Ra-c8kHgyZo06paZNlSRdXvqZOCeHB5u5guUoq1FsTbFJr2kSqmhv6X_j3Fpv4fa3czTt7rfMSpMNa5osLAp5oVWgNVTZd9YuUWO5FMBT6rL8JKp_c90I7Wb
2018-02-22T10:10:00Z,22.0,https://playground.fiesta-iot.eu/iot-registry/api/resources/V1YH-QeIGRfxCIIeINBrn-O2Aq9x2aRslRwrod34VLtizY9h2nUdRI-Y4SjTRqyu-dNuBsh_1JaO8ZBBlwFHDyQ6A7RyUrFxKnYS6SzYXCu8YZ2HqEtaeveNYUSdYIL3
2018-02-22T10:10:00Z,23.0,https://playground.fiesta-iot.eu/iot-registry/api/resources/KJdQsIGbyjvqUwmU_EJplf4pYFxZBEn1D9kbP8UX6pweGTfra4vmwd3svYj47OWObAUd_SG7wKOTrkYF8Bh2EeX63kbZ41c2ecystlNSbislEji_meb6Or-pfqlwtNUu
2018-02-22T10:10:00Z,33.0,https://playground.fiesta-iot.eu/iot-registry/api/resources/yMAOmm3zC7HDZUtYCKMx5k4Ti5C5hT7_S9ZHcScvbhRB3DHAZah1-rE65wI5tpb_hTO4Pp6ZofiALNw0P0BIoIZl_c5GE6dPJ7sn--_R2PyIxpFZm36YT0h-7jK3MVHP
2018-02-22T10:10:00Z,23.0,https://playground.fiesta-iot.eu/iot-registry/api/resources/VD51grLyIMr1yiyOCd3mhelFzrQ7icP3LU1dYu_b9y4EwoORayCitBucsTn0HCjDm2ZZFgXIzaUPX6e7Pr5P0UOjZ55VPpmYoJw6cmZbobrI-KEpr6moAP7xBFIsHW9-
2018-02-22T10:10:00Z,221.0,https://playground.fiesta-iot.eu/iot-registry/api/resources/KdwL6tX9v90f3mDZSPzhLrBf8ugbXSediTRFwd1dZFd-B5X1lBX8wJZMje1XsN6uYNtWSPoJVQohGF1A-Ytqv3dBdNrkFB0bB4521EeqyXhos72w5gVv23YUQojC8lSp
2018-02-22T10:10:00Z,23.0,https://playground.fiesta-iot.eu/iot-registry/api/resources/h1XKw7Nw21R8rtVF1fkeEO0zalYvqXYQr2fIVl9N-o7zxPze_b0MNaWOUE1lFXmMxzgetiHiUEBWyPJmlEzZAShWPGmYukkIp3ov8cfYkPnsFHDa9lbqn-HS7VZCoCUv
2018-02-22T10:10:00Z,28.0,https://playground.fiesta-iot.eu/iot-registry/api/resources/koHeE4wfk0y4s-YsggMi6cePW5tV0WQgImq_bWwEhS0ncJy8m6GO6qIW1o52eUrkmSFhBPOaKAoC_TrohyoNnQHMZkyNtt10zdDMo51_yHNjmM5krIBUUZ6F6uhk9Lfl
2018-02-22T10:10:00Z,27.0,https://playground.fiesta-iot.eu/iot-registry/api/resources/yeBlDF_1pPYNjYwOnTG00JhssXBiZVyN5lHKyqaBx8k5yspBMkpXVUfgpIQ03ufklU8xQrDAmYckZG90zJAgdywKWmJRaif5-hkpdoq2TOxkWBnchNFPWhVh6Apn4Bgc
2018-02-22T10:10:00Z,33.0,https://playground.fiesta-iot.eu/iot-registry/api/resources/arb5feLz0hVJmV4khAtxtmU4ZasbTizFCc2Q82WOBeJ7ObPinMfb-5dY9DqA04jHU80nlHBID7O5d7hhyBH5bXDHPzVJMpJ2I8x1Ju3xtr9ri4DYw0XlvyMZk3nyZUU9
2018-02-22T10:10:00Z,23.0,https://playground.fiesta-iot.eu/iot-registry/api/resources/MoJbp36FWcoHd09x8yvpGRbdfJ6R6GldhZxpyorDMfeHD7QbdjEUo4JkMOtUwZjxR6bshbpndQFy5vqMSBtCAiUPEAdQ-O5rsBvn36DHFkVoI3tExBnGqkpuFphngBVo
2018-02-22T10:10:00Z,30.0,https://playground.fiesta-iot.eu/iot-registry/api/resources/ORnt0eFjSUotSgFVOQeHpQthHvjY6vz9_LzOkV-BPkkBmCqZBVASLn8xb0ksAYgzNHl5dAzm0aMxgBuMCbeREB1rx2WLLl4ia9LsGpeejR9podvMrZNeWngN7YK7KMby
2018-02-22T10:10:00Z,23.0,https://playground.fiesta-iot.eu/iot-registry/api/resources/56ho0gf8mCdS-o-mUREhhfytOqloa-tNu-l0H2s5VtsQwfhcdFPw2GhBfjjU3WGI4dn_OTvCWqn-uvdwWwhH6lo9ECBzUIXvSxIUoYu57QNsscNKTQfN9_R_E_4gjOKM
2018-02-22T10:10:00Z,26.0,https://playground.fiesta-iot.eu/iot-registry/api/resources/aG9BmIcSlsu9uHb9HsN7Ac6UaIMwZzzTtLwgf4Q1jybodkcKDEneCOLFxPEDz1-hIqV2S_xXnuYLE1f3mgfmKpyEI0z5OCnBbLTAK_ewv12rKWFFpIH34jn4zJ5fRoqW
2018-02-22T10:10:00Z,335.0,https://playground.fiesta-iot.eu/iot-registry/api/resources/j7FkMmdJBXBPT6Y8GmcythgkDhRiLFfBlfQOOC3FEVaPGLd28zaiDM_tJ-8-Sl5jbCJGtk__mJmTD7XH7fAEfFckr7Dm6GsBkqlg1B-u_Dquzsh9RpuKdOCX0BFpuzI5
2018-02-22T10:10:00Z,28.0,https://playground.fiesta-iot.eu/iot-registry/api/resources/yc3lci3IcdobHr4oKV_SNYNKOgs-xptxLSYHEKvl4gFoq92zbXxc4M1IL2n50Dw1k5Ki_fVjp5ag5A59hQ6PBq4uCFEOGlDMCjnQD_CgZ2JgFuvfDPX6EpBdX8rk70gE
2018-02-22T10:10:00Z,281.0,https://playground.fiesta-iot.eu/iot-registry/api/resources/MPGM4eJOmLBB5SeVX6E9HWzqC1KjKLg87L48ZVGyU80D77mZXSEcWgck12rs504ierr9BOljDaxpdOJLcQrvP0-4Y30gDxfAje8djalU_5catGYBbPVnO_ewU5SUiH5A
2018-02-22T10:10:00Z,7.9,https://playground.fiesta-iot.eu/iot-registry/api/resources/z4eML_qbplF2Psbo77mIwGAXahddakX1GI3MFU7E1MZlRWGPB1ft_u9ENPhcE3crDamLIforhMuZZdBieMG5qQSLBD4I2JdoE35c8bs5QA2qPRwV-UDAP_8fZPu5nt5D
2018-02-22T10:10:00Z,28.0,https://playground.fiesta-iot.eu/iot-registry/api/resources/CSO2y2cQU_LnJiz74e6yk_0g9o69PBsPYXK5WOb-x2iJuOSwg5VIVBUlyv-Y1kT2CIaOMfNQiTNOo37o1nygCwhmJV6Fd-ZGeuXkm3XpVP0zqeUcy9BIPh5Ld-A7VV3g
2018-02-22T10:10:00Z,32.0,https://playground.fiesta-iot.eu/iot-registry/api/resources/dfiCZSvOQ4HB4G9A0-574SI98VDa-rHw6XSelqruUR9-SbFZgqdhfZmFIPrcgzZ9S3FUmR0K2qp-Ex1ABBACj0ufT_l2wfV7WkpeJbvJIGDWrNOIEM4tx4_ImLd7IJBz
2018-02-22T10:10:00Z,316.0,https://playground.fiesta-iot.eu/iot-registry/api/resources/O07wufrWNvGVOw-Ax5sLvp4ku3ZBIa0yu9lqTOjkvLVMttKfVjnc2_M4gJE5qrdj85xmC2ggeAvS5JJaPriTsYvAMSazv7A3boJEJ0bbeVDii9BBa0tj3oUUJgRnKmbO
2018-02-22T10:10:00Z,203.0,https://playground.fiesta-iot.eu/iot-registry/api/resources/e1cuF-lDGkj65CiuAB_aTBGArbFWGOVK-rmlmP3TRCe3rqxWus42Wl2vO2t3C7yC8YurdoRr8GiWGTpq0mqWyv6-aALa5_gdvNXYR8dOHEDScelrZIHv5ac7fl2kF-AG
2018-02-22T10:10:00Z,28.0,https://playground.fiesta-iot.eu/iot-registry/api/resources/hR7y4NEgx7tJWb4QdSCI1Gx61m6G2v6GKrpkrvFX0ESmaoY49m02dbNJGxDEbtK5nBJ8Jqkrq2CG4gszLi2MusL4A01IjbsMr-SWXgQAATyFxhTQujF3f4KiLa0uyN8w
2018-02-22T10:10:00Z,23.0,https://playground.fiesta-iot.eu/iot-registry/api/resources/wuVbNPAfVV4QttJFXJ9H331iu7hOP6CA-oFDKdE_DsHzho2uxOABD9PWCnRRd4RXXQJmvWlIbA-FP6EFRTyI6ohh9H2VPl9MbmpycKFP5VXeMYUfkyZau5Lf4VFDLh_u
2018-02-22T10:10:38.937Z,22.89,https://playground.fiesta-iot.eu/iot-registry/api/resources/k5-3_gp4a1LlLj7NbkXE-fBYTaD0V5kmZuFAKU_XiCWVnUoDcTEYmHZbkE0s9qmNO2HPr2m_WUPIOwG-jBgadbxqgM7jIbFK4tBX2wvxV8M=
2018-02-22T10:11:31.98Z,28.07,https://playground.fiesta-iot.eu/iot-registry/api/resources/FQTqx4w__wpO1iEav6H0CnQfOBUZSkhgtOokOc0hs08MXR1_WKPFd1WKEONSlPLp3RUOzvU4IkHtjpYHOtG5xPWB37uvMdxL11P9zIg7PDc=
2018-02-22T10:13:40.608Z,22.51,https://playground.fiesta-iot.eu/iot-registry/api/resources/Huksuaia4wMd2SmtlomvLkIPfY0bhN3Pq7ak90SO0ANVlZmo47RnZcXrgrweHYly5bI8q1IXQrd-j3KtX5UeKeZ_2L-4nnnqb16vNFFbet4=
2018-02-22T10:14:52.398Z,18.29,https://playground.fiesta-iot.eu/iot-registry/api/resources/XrGos2wFKHqgNQLcEKN45oXPmz46iiJlVdzjNWQuAiZhaiFtdBjv8ZpBqV6II2USaUXK8CIXqL2DUqNBIV3BdErgaLV5edZTBZQgLSww3QE=
2018-02-22T10:15:01.573Z,10.5,https://playground.fiesta-iot.eu/iot-registry/api/resources/FUIBUTUDCOdIfNX8hVyka6E1pmNgjLAuOA6XctHsoQe1AZCpnmuOxjnPZtnRjD-A
2018-02-22T10:16:32.268Z,26.8,https://playground.fiesta-iot.eu/iot-registry/api/resources/UQ3ntuvhadCnxNROiCAODjjv_6MgNnDTQQbZGtdU6PLRAXP0eYRc7wkIawseJU0IBnaoV-aUlYCTD0pzHTNAavYa-37EuEaRTZ9j21UoCTc=
2018-02-22T10:18:38.696Z,22.98,https://playground.fiesta-iot.eu/iot-registry/api/resources/k5-3_gp4a1LlLj7NbkXE-fBYTaD0V5kmZuFAKU_XiCWVnUoDcTEYmHZbkE0s9qmNO2HPr2m_WUPIOwG-jBgadbxqgM7jIbFK4tBX2wvxV8M=
2018-02-22T10:19:22.603Z,31.76,https://playground.fiesta-iot.eu/iot-registry/api/resources/zvx-aKPDaoJEtOMXkP6CjiEfSUctDmFAZTZ6mbo715WMYiG0mh-yiV0O5Kvkd8x7eVwrY4xTAzNK8GQoPRa1wPgZ2-6Zh0n0gGyAld13Xkg=
2018-02-22T10:19:41.081Z,23.61,https://playground.fiesta-iot.eu/iot-registry/api/resources/ldwjmmqo4_6-RQVCIutKqxzvuhdHlMKapA5GYbJYYyGmHvAke4u7h9QoNQfMZOoTgjYWGuIs2Hawo4Ias7mT8s1rJMFwPjoj_GM58F4it7k=
2018-02-22T10:19:45.959Z,24.93,https://playground.fiesta-iot.eu/iot-registry/api/resources/xjH8D9gqsPAeEWXONlQDhTLpAzqI1tCnwGvD5ENx3LE_AZPpKrcIvlLZ7UMX1PfZ379PwT5DaudylRQ7_JpWVYJgViGWIfX0vyRF_bL6lE4=
2018-02-22T10:25:00Z,8.0,https://playground.fiesta-iot.eu/iot-registry/api/resources/z4eML_qbplF2Psbo77mIwGAXahddakX1GI3MFU7E1MZlRWGPB1ft_u9ENPhcE3crDamLIforhMuZZdBieMG5qQSLBD4I2JdoE35c8bs5QA2qPRwV-UDAP_8fZPu5nt5D
2018-02-22T10:28:24.682Z,28.98,https://playground.fiesta-iot.eu/iot-registry/api/resources/FQTqx4w__wpO1iEav6H0CnQfOBUZSkhgtOokOc0hs08MXR1_WKPFd1WKEONSlPLp3RUOzvU4IkHtjpYHOtG5xPWB37uvMdxL11P9zIg7PDc=
2018-02-22T10:30:00Z,23.0,https://playground.fiesta-iot.eu/iot-registry/api/resources/W5du2EJzGl_ewNud-Atl4-2tRokwHzGKpubBb33Kifr5Omtbk16UmJXp_admjA0yu-HHPgroDOzU1tieEMXF5HMBw5oeV8gZcgbHJUAr5RdUi3ChbpBk7lZZC3zCx9aR
2018-02-22T10:30:00Z,22.0,https://playground.fiesta-iot.eu/iot-registry/api/resources/6mPmAjbOpKNVarPLLFFKtqvuNcup8MYi0AClsb_VeB7eLr7mulfITdjQzdCKgW8TdvUmCQTHIx3wF4Yfj718NY3B426zQeMJ-aERuevT872nZOjyoUdhfwWzXFo_GVeM
2018-02-22T10:30:00Z,23.0,https://playground.fiesta-iot.eu/iot-registry/api/resources/ZC0f9obdrfLNPvu61yiNg3SV6wiezEOAOqJH5rtrecYn8XzYRFSkeo-E3OFpf1wFiqg-RujUmgB8I3IEdZNcLUMmodKR-iiJr8ck1uDmRN3s5VFKUMZ9ffHl3VeYWdzn
2018-02-22T10:30:00Z,244.0,https://playground.fiesta-iot.eu/iot-registry/api/resources/asHvEiTyhMf9XL0NtzF-7rTIDgmDVdDRcaUaFG0c5g4K4gKtWaRO8a9hOcpaDOSbnJJU83YWyWxuQugti8u3gj3cVL-yQxp3jc2jJ1HTT5EnoxsDQXloR-18W9RWPVtw
2018-02-22T10:30:00Z,23.0,https://playground.fiesta-iot.eu/iot-registry/api/resources/nX2OutLKf0YvalJTF2otd1Yqt6cwlDiP9f0WcD6YgSDuuC6MHCfHhk2N96unEtTOrKe6qwx1Ue4YLeMuwghSWvgMXaNwg7_LtLdV6ScvKzwkPZEOyapTf7xypp86uRQG
2018-02-22T10:30:00Z,23.0,https://playground.fiesta-iot.eu/iot-registry/api/resources/5FiLUs0aTEC_VcWDJUWBBj07-FhK6CxuPGs4rXaq3awowjwDWJsxvpvFvEVd0wSyxgNdkNr-q1MOyCgI1FnsFLe9KU_xnqVV6ms-oiFW64vj6hnu04VZO7pNd67aTe-x
2018-02-22T10:30:00Z,27.0,https://playground.fiesta-iot.eu/iot-registry/api/resources/e4eLyXGHwPuGiMGfiwawteYsr6x7PnHrtgHEMfRJuMabgCxP85yFqte8bRo9UyD4maY2JzUOAjmuHeF3F7ssTYIn2TOiNzKtyWTtjDL-cH76FqBXWC2ftgnelb7ij3FO
2018-02-22T10:30:00Z,23.0,https://playground.fiesta-iot.eu/iot-registry/api/resources/sXsRGYAh8mX8ZXAvEFlcCu55pVZkdXL_jJojvrO6_6v97Cnncyii5xT8h0eJdGV5j6CUJA2ar5CnsjUa4RRMpDX3Fc8QG20akkpGAMlERYEY4EYje1rzyNylDORhWqj1
2018-02-22T10:30:00Z,31.0,https://playground.fiesta-iot.eu/iot-registry/api/resources/sCWgNBPXaWwkxHs7VEQodl-kAAJKa7n1erpqTbT_RdQzkaJIFNRvK5HiPMUxxDIqkr3cNYBBBsASLysIwTi8poxIGOnWGli7wAyqh1c3q02hX5S3MZVNuG-zgtVlu97o
2018-02-22T10:30:00Z,25.0,https://playground.fiesta-iot.eu/iot-registry/api/resources/Xncpa-L5Ra-c8kHgyZo06paZNlSRdXvqZOCeHB5u5guUoq1FsTbFJr2kSqmhv6X_j3Fpv4fa3czTt7rfMSpMNa5osLAp5oVWgNVTZd9YuUWO5FMBT6rL8JKp_c90I7Wb
2018-02-22T10:30:00Z,22.0,https://playground.fiesta-iot.eu/iot-registry/api/resources/V1YH-QeIGRfxCIIeINBrn-O2Aq9x2aRslRwrod34VLtizY9h2nUdRI-Y4SjTRqyu-dNuBsh_1JaO8ZBBlwFHDyQ6A7RyUrFxKnYS6SzYXCu8YZ2HqEtaeveNYUSdYIL3
2018-02-22T10:30:00Z,23.0,https://playground.fiesta-iot.eu/iot-registry/api/resources/KJdQsIGbyjvqUwmU_EJplf4pYFxZBEn1D9kbP8UX6pweGTfra4vmwd3svYj47OWObAUd_SG7wKOTrkYF8Bh2EeX63kbZ41c2ecystlNSbislEji_meb6Or-pfqlwtNUu
2018-02-22T10:30:00Z,33.0,https://playground.fiesta-iot.eu/iot-registry/api/resources/yMAOmm3zC7HDZUtYCKMx5k4Ti5C5hT7_S9ZHcScvbhRB3DHAZah1-rE65wI5tpb_hTO4Pp6ZofiALNw0P0BIoIZl_c5GE6dPJ7sn--_R2PyIxpFZm36YT0h-7jK3MVHP
2018-02-22T10:30:00Z,23.0,https://playground.fiesta-iot.eu/iot-registry/api/resources/VD51grLyIMr1yiyOCd3mhelFzrQ7icP3LU1dYu_b9y4EwoORayCitBucsTn0HCjDm2ZZFgXIzaUPX6e7Pr5P0UOjZ55VPpmYoJw6cmZbobrI-KEpr6moAP7xBFIsHW9-
2018-02-22T10:30:00Z,226.0,https://playground.fiesta-iot.eu/iot-registry/api/resources/KdwL6tX9v90f3mDZSPzhLrBf8ugbXSediTRFwd1dZFd-B5X1lBX8wJZMje1XsN6uYNtWSPoJVQohGF1A-Ytqv3dBdNrkFB0bB4521EeqyXhos72w5gVv23YUQojC8lSp
2018-02-22T10:30:00Z,23.0,https://playground.fiesta-iot.eu/iot-registry/api/resources/h1XKw7Nw21R8rtVF1fkeEO0zalYvqXYQr2fIVl9N-o7zxPze_b0MNaWOUE1lFXmMxzgetiHiUEBWyPJmlEzZAShWPGmYukkIp3ov8cfYkPnsFHDa9lbqn-HS7VZCoCUv
2018-02-22T10:30:00Z,28.0,https://playground.fiesta-iot.eu/iot-registry/api/resources/koHeE4wfk0y4s-YsggMi6cePW5tV0WQgImq_bWwEhS0ncJy8m6GO6qIW1o52eUrkmSFhBPOaKAoC_TrohyoNnQHMZkyNtt10zdDMo51_yHNjmM5krIBUUZ6F6uhk9Lfl
2018-02-22T10:30:00Z,27.0,https://playground.fiesta-iot.eu/iot-registry/api/resources/yeBlDF_1pPYNjYwOnTG00JhssXBiZVyN5lHKyqaBx8k5yspBMkpXVUfgpIQ03ufklU8xQrDAmYckZG90zJAgdywKWmJRaif5-hkpdoq2TOxkWBnchNFPWhVh6Apn4Bgc
2018-02-22T10:30:00Z,34.0,https://playground.fiesta-iot.eu/iot-registry/api/resources/arb5feLz0hVJmV4khAtxtmU4ZasbTizFCc2Q82WOBeJ7ObPinMfb-5dY9DqA04jHU80nlHBID7O5d7hhyBH5bXDHPzVJMpJ2I8x1Ju3xtr9ri4DYw0XlvyMZk3nyZUU9
2018-02-22T10:30:00Z,23.0,https://playground.fiesta-iot.eu/iot-registry/api/resources/MoJbp36FWcoHd09x8yvpGRbdfJ6R6GldhZxpyorDMfeHD7QbdjEUo4JkMOtUwZjxR6bshbpndQFy5vqMSBtCAiUPEAdQ-O5rsBvn36DHFkVoI3tExBnGqkpuFphngBVo
2018-02-22T10:30:00Z,30.0,https://playground.fiesta-iot.eu/iot-registry/api/resources/ORnt0eFjSUotSgFVOQeHpQthHvjY6vz9_LzOkV-BPkkBmCqZBVASLn8xb0ksAYgzNHl5dAzm0aMxgBuMCbeREB1rx2WLLl4ia9LsGpeejR9podvMrZNeWngN7YK7KMby
2018-02-22T10:30:00Z,23.0,https://playground.fiesta-iot.eu/iot-registry/api/resources/56ho0gf8mCdS-o-mUREhhfytOqloa-tNu-l0H2s5VtsQwfhcdFPw2GhBfjjU3WGI4dn_OTvCWqn-uvdwWwhH6lo9ECBzUIXvSxIUoYu57QNsscNKTQfN9_R_E_4gjOKM
2018-02-22T10:30:00Z,26.0,https://playground.fiesta-iot.eu/iot-registry/api/resources/aG9BmIcSlsu9uHb9HsN7Ac6UaIMwZzzTtLwgf4Q1jybodkcKDEneCOLFxPEDz1-hIqV2S_xXnuYLE1f3mgfmKpyEI0z5OCnBbLTAK_ewv12rKWFFpIH34jn4zJ5fRoqW
2018-02-22T10:30:00Z,336.0,https://playground.fiesta-iot.eu/iot-registry/api/resources/j7FkMmdJBXBPT6Y8GmcythgkDhRiLFfBlfQOOC3FEVaPGLd28zaiDM_tJ-8-Sl5jbCJGtk__mJmTD7XH7fAEfFckr7Dm6GsBkqlg1B-u_Dquzsh9RpuKdOCX0BFpuzI5
2018-02-22T10:30:00Z,28.0,https://playground.fiesta-iot.eu/iot-registry/api/resources/yc3lci3IcdobHr4oKV_SNYNKOgs-xptxLSYHEKvl4gFoq92zbXxc4M1IL2n50Dw1k5Ki_fVjp5ag5A59hQ6PBq4uCFEOGlDMCjnQD_CgZ2JgFuvfDPX6EpBdX8rk70gE
2018-02-22T10:30:00Z,285.0,https://playground.fiesta-iot.eu/iot-registry/api/resources/MPGM4eJOmLBB5SeVX6E9HWzqC1KjKLg87L48ZVGyU80D77mZXSEcWgck12rs504ierr9BOljDaxpdOJLcQrvP0-4Y30gDxfAje8djalU_5catGYBbPVnO_ewU5SUiH5A
2018-02-22T10:30:00Z,28.0,https://playground.fiesta-iot.eu/iot-registry/api/resources/CSO2y2cQU_LnJiz74e6yk_0g9o69PBsPYXK5WOb-x2iJuOSwg5VIVBUlyv-Y1kT2CIaOMfNQiTNOo37o1nygCwhmJV6Fd-ZGeuXkm3XpVP0zqeUcy9BIPh5Ld-A7VV3g
2018-02-22T10:30:00Z,32.0,https://playground.fiesta-iot.eu/iot-registry/api/resources/dfiCZSvOQ4HB4G9A0-574SI98VDa-rHw6XSelqruUR9-SbFZgqdhfZmFIPrcgzZ9S3FUmR0K2qp-Ex1ABBACj0ufT_l2wfV7WkpeJbvJIGDWrNOIEM4tx4_ImLd7IJBz
2018-02-22T10:30:00Z,324.0,https://playground.fiesta-iot.eu/iot-registry/api/resources/O07wufrWNvGVOw-Ax5sLvp4ku3ZBIa0yu9lqTOjkvLVMttKfVjnc2_M4gJE5qrdj85xmC2ggeAvS5JJaPriTsYvAMSazv7A3boJEJ0bbeVDii9BBa0tj3oUUJgRnKmbO
2018-02-22T10:30:00Z,205.0,https://playground.fiesta-iot.eu/iot-registry/api/resources/e1cuF-lDGkj65CiuAB_aTBGArbFWGOVK-rmlmP3TRCe3rqxWus42Wl2vO2t3C7yC8YurdoRr8GiWGTpq0mqWyv6-aALa5_gdvNXYR8dOHEDScelrZIHv5ac7fl2kF-AG
2018-02-22T10:30:00Z,28.0,https://playground.fiesta-iot.eu/iot-registry/api/resources/hR7y4NEgx7tJWb4QdSCI1Gx61m6G2v6GKrpkrvFX0ESmaoY49m02dbNJGxDEbtK5nBJ8Jqkrq2CG4gszLi2MusL4A01IjbsMr-SWXgQAATyFxhTQujF3f4KiLa0uyN8w
2018-02-22T10:30:00Z,23.0,https://playground.fiesta-iot.eu/iot-registry/api/resources/wuVbNPAfVV4QttJFXJ9H331iu7hOP6CA-oFDKdE_DsHzho2uxOABD9PWCnRRd4RXXQJmvWlIbA-FP6EFRTyI6ohh9H2VPl9MbmpycKFP5VXeMYUfkyZau5Lf4VFDLh_u
2018-02-22T10:30:02.793Z,9.7,https://playground.fiesta-iot.eu/iot-registry/api/resources/FUIBUTUDCOdIfNX8hVyka6E1pmNgjLAuOA6XctHsoQe1AZCpnmuOxjnPZtnRjD-A
2018-02-22T10:31:43.977Z,22.45,https://playground.fiesta-iot.eu/iot-registry/api/resources/Huksuaia4wMd2SmtlomvLkIPfY0bhN3Pq7ak90SO0ANVlZmo47RnZcXrgrweHYly5bI8q1IXQrd-j3KtX5UeKeZ_2L-4nnnqb16vNFFbet4=
2018-02-22T10:33:21.169Z,29.79,https://playground.fiesta-iot.eu/iot-registry/api/resources/UQ3ntuvhadCnxNROiCAODjjv_6MgNnDTQQbZGtdU6PLRAXP0eYRc7wkIawseJU0IBnaoV-aUlYCTD0pzHTNAavYa-37EuEaRTZ9j21UoCTc=
2018-02-22T10:34:16.243Z,18.44,https://playground.fiesta-iot.eu/iot-registry/api/resources/XrGos2wFKHqgNQLcEKN45oXPmz46iiJlVdzjNWQuAiZhaiFtdBjv8ZpBqV6II2USaUXK8CIXqL2DUqNBIV3BdErgaLV5edZTBZQgLSww3QE=
2018-02-22T10:36:37.364Z,29.1,https://playground.fiesta-iot.eu/iot-registry/api/resources/zvx-aKPDaoJEtOMXkP6CjiEfSUctDmFAZTZ6mbo715WMYiG0mh-yiV0O5Kvkd8x7eVwrY4xTAzNK8GQoPRa1wPgZ2-6Zh0n0gGyAld13Xkg=
2018-02-22T10:36:38.206Z,22.95,https://playground.fiesta-iot.eu/iot-registry/api/resources/k5-3_gp4a1LlLj7NbkXE-fBYTaD0V5kmZuFAKU_XiCWVnUoDcTEYmHZbkE0s9qmNO2HPr2m_WUPIOwG-jBgadbxqgM7jIbFK4tBX2wvxV8M=
2018-02-22T10:37:31.625Z,24.34,https://playground.fiesta-iot.eu/iot-registry/api/resources/xjH8D9gqsPAeEWXONlQDhTLpAzqI1tCnwGvD5ENx3LE_AZPpKrcIvlLZ7UMX1PfZ379PwT5DaudylRQ7_JpWVYJgViGWIfX0vyRF_bL6lE4=
2018-02-22T10:37:38.341Z,23.57,https://playground.fiesta-iot.eu/iot-registry/api/resources/ldwjmmqo4_6-RQVCIutKqxzvuhdHlMKapA5GYbJYYyGmHvAke4u7h9QoNQfMZOoTgjYWGuIs2Hawo4Ias7mT8s1rJMFwPjoj_GM58F4it7k=
2018-02-22T10:38:58.431Z,28.44,https://playground.fiesta-iot.eu/iot-registry/api/resources/FQTqx4w__wpO1iEav6H0CnQfOBUZSkhgtOokOc0hs08MXR1_WKPFd1WKEONSlPLp3RUOzvU4IkHtjpYHOtG5xPWB37uvMdxL11P9zIg7PDc=
2018-02-22T10:40:00Z,8.0,https://playground.fiesta-iot.eu/iot-registry/api/resources/z4eML_qbplF2Psbo77mIwGAXahddakX1GI3MFU7E1MZlRWGPB1ft_u9ENPhcE3crDamLIforhMuZZdBieMG5qQSLBD4I2JdoE35c8bs5QA2qPRwV-UDAP_8fZPu5nt5D
2018-02-22T10:41:45.865Z,22.6,https://playground.fiesta-iot.eu/iot-registry/api/resources/Huksuaia4wMd2SmtlomvLkIPfY0bhN3Pq7ak90SO0ANVlZmo47RnZcXrgrweHYly5bI8q1IXQrd-j3KtX5UeKeZ_2L-4nnnqb16vNFFbet4=
2018-02-22T10:42:01.474Z,18.58,https://playground.fiesta-iot.eu/iot-registry/api/resources/XrGos2wFKHqgNQLcEKN45oXPmz46iiJlVdzjNWQuAiZhaiFtdBjv8ZpBqV6II2USaUXK8CIXqL2DUqNBIV3BdErgaLV5edZTBZQgLSww3QE=
2018-02-22T10:42:35.884Z,30.14,https://playground.fiesta-iot.eu/iot-registry/api/resources/UQ3ntuvhadCnxNROiCAODjjv_6MgNnDTQQbZGtdU6PLRAXP0eYRc7wkIawseJU0IBnaoV-aUlYCTD0pzHTNAavYa-37EuEaRTZ9j21UoCTc=
2018-02-22T10:45:01.84Z,10.5,https://playground.fiesta-iot.eu/iot-registry/api/resources/FUIBUTUDCOdIfNX8hVyka6E1pmNgjLAuOA6XctHsoQe1AZCpnmuOxjnPZtnRjD-A
2018-02-22T10:45:25.861Z,24.13,https://playground.fiesta-iot.eu/iot-registry/api/resources/xjH8D9gqsPAeEWXONlQDhTLpAzqI1tCnwGvD5ENx3LE_AZPpKrcIvlLZ7UMX1PfZ379PwT5DaudylRQ7_JpWVYJgViGWIfX0vyRF_bL6lE4=
2018-02-22T10:45:37.264Z,23.58,https://playground.fiesta-iot.eu/iot-registry/api/resources/ldwjmmqo4_6-RQVCIutKqxzvuhdHlMKapA5GYbJYYyGmHvAke4u7h9QoNQfMZOoTgjYWGuIs2Hawo4Ias7mT8s1rJMFwPjoj_GM58F4it7k=
2018-02-22T10:46:12.883Z,29.75,https://playground.fiesta-iot.eu/iot-registry/api/resources/zvx-aKPDaoJEtOMXkP6CjiEfSUctDmFAZTZ6mbo715WMYiG0mh-yiV0O5Kvkd8x7eVwrY4xTAzNK8GQoPRa1wPgZ2-6Zh0n0gGyAld13Xkg=
2018-02-22T10:46:37.961Z,22.99,https://playground.fiesta-iot.eu/iot-registry/api/resources/k5-3_gp4a1LlLj7NbkXE-fBYTaD0V5kmZuFAKU_XiCWVnUoDcTEYmHZbkE0s9qmNO2HPr2m_WUPIOwG-jBgadbxqgM7jIbFK4tBX2wvxV8M=
2018-02-22T10:47:25.913Z,28.96,https://playground.fiesta-iot.eu/iot-registry/api/resources/FQTqx4w__wpO1iEav6H0CnQfOBUZSkhgtOokOc0hs08MXR1_WKPFd1WKEONSlPLp3RUOzvU4IkHtjpYHOtG5xPWB37uvMdxL11P9zIg7PDc=
2018-02-22T10:49:47.13Z,22.71,https://playground.fiesta-iot.eu/iot-registry/api/resources/Huksuaia4wMd2SmtlomvLkIPfY0bhN3Pq7ak90SO0ANVlZmo47RnZcXrgrweHYly5bI8q1IXQrd-j3KtX5UeKeZ_2L-4nnnqb16vNFFbet4=
2018-02-22T10:50:00Z,23.0,https://playground.fiesta-iot.eu/iot-registry/api/resources/W5du2EJzGl_ewNud-Atl4-2tRokwHzGKpubBb33Kifr5Omtbk16UmJXp_admjA0yu-HHPgroDOzU1tieEMXF5HMBw5oeV8gZcgbHJUAr5RdUi3ChbpBk7lZZC3zCx9aR
2018-02-22T10:50:00Z,21.0,https://playground.fiesta-iot.eu/iot-registry/api/resources/6mPmAjbOpKNVarPLLFFKtqvuNcup8MYi0AClsb_VeB7eLr7mulfITdjQzdCKgW8TdvUmCQTHIx3wF4Yfj718NY3B426zQeMJ-aERuevT872nZOjyoUdhfwWzXFo_GVeM
2018-02-22T10:50:00Z,23.0,https://playground.fiesta-iot.eu/iot-registry/api/resources/ZC0f9obdrfLNPvu61yiNg3SV6wiezEOAOqJH5rtrecYn8XzYRFSkeo-E3OFpf1wFiqg-RujUmgB8I3IEdZNcLUMmodKR-iiJr8ck1uDmRN3s5VFKUMZ9ffHl3VeYWdzn
2018-02-22T10:50:00Z,245.0,https://playground.fiesta-iot.eu/iot-registry/api/resources/asHvEiTyhMf9XL0NtzF-7rTIDgmDVdDRcaUaFG0c5g4K4gKtWaRO8a9hOcpaDOSbnJJU83YWyWxuQugti8u3gj3cVL-yQxp3jc2jJ1HTT5EnoxsDQXloR-18W9RWPVtw
2018-02-22T10:50:00Z,23.0,https://playground.fiesta-iot.eu/iot-registry/api/resources/nX2OutLKf0YvalJTF2otd1Yqt6cwlDiP9f0WcD6YgSDuuC6MHCfHhk2N96unEtTOrKe6qwx1Ue4YLeMuwghSWvgMXaNwg7_LtLdV6ScvKzwkPZEOyapTf7xypp86uRQG
2018-02-22T10:50:00Z,23.0,https://playground.fiesta-iot.eu/iot-registry/api/resources/5FiLUs0aTEC_VcWDJUWBBj07-FhK6CxuPGs4rXaq3awowjwDWJsxvpvFvEVd0wSyxgNdkNr-q1MOyCgI1FnsFLe9KU_xnqVV6ms-oiFW64vj6hnu04VZO7pNd67aTe-x
2018-02-22T10:50:00Z,27.0,https://playground.fiesta-iot.eu/iot-registry/api/resources/e4eLyXGHwPuGiMGfiwawteYsr6x7PnHrtgHEMfRJuMabgCxP85yFqte8bRo9UyD4maY2JzUOAjmuHeF3F7ssTYIn2TOiNzKtyWTtjDL-cH76FqBXWC2ftgnelb7ij3FO
2018-02-22T10:50:00Z,23.0,https://playground.fiesta-iot.eu/iot-registry/api/resources/sXsRGYAh8mX8ZXAvEFlcCu55pVZkdXL_jJojvrO6_6v97Cnncyii5xT8h0eJdGV5j6CUJA2ar5CnsjUa4RRMpDX3Fc8QG20akkpGAMlERYEY4EYje1rzyNylDORhWqj1
2018-02-22T10:50:00Z,31.0,https://playground.fiesta-iot.eu/iot-registry/api/resources/sCWgNBPXaWwkxHs7VEQodl-kAAJKa7n1erpqTbT_RdQzkaJIFNRvK5HiPMUxxDIqkr3cNYBBBsASLysIwTi8poxIGOnWGli7wAyqh1c3q02hX5S3MZVNuG-zgtVlu97o
2018-02-22T10:50:00Z,25.0,https://playground.fiesta-iot.eu/iot-registry/api/resources/Xncpa-L5Ra-c8kHgyZo06paZNlSRdXvqZOCeHB5u5guUoq1FsTbFJr2kSqmhv6X_j3Fpv4fa3czTt7rfMSpMNa5osLAp5oVWgNVTZd9YuUWO5FMBT6rL8JKp_c90I7Wb
2018-02-22T10:50:00Z,22.0,https://playground.fiesta-iot.eu/iot-registry/api/resources/V1YH-QeIGRfxCIIeINBrn-O2Aq9x2aRslRwrod34VLtizY9h2nUdRI-Y4SjTRqyu-dNuBsh_1JaO8ZBBlwFHDyQ6A7RyUrFxKnYS6SzYXCu8YZ2HqEtaeveNYUSdYIL3
2018-02-22T10:50:00Z,23.0,https://playground.fiesta-iot.eu/iot-registry/api/resources/KJdQsIGbyjvqUwmU_EJplf4pYFxZBEn1D9kbP8UX6pweGTfra4vmwd3svYj47OWObAUd_SG7wKOTrkYF8Bh2EeX63kbZ41c2ecystlNSbislEji_meb6Or-pfqlwtNUu
2018-02-22T10:50:00Z,33.0,https://playground.fiesta-iot.eu/iot-registry/api/resources/yMAOmm3zC7HDZUtYCKMx5k4Ti5C5hT7_S9ZHcScvbhRB3DHAZah1-rE65wI5tpb_hTO4Pp6ZofiALNw0P0BIoIZl_c5GE6dPJ7sn--_R2PyIxpFZm36YT0h-7jK3MVHP
2018-02-22T10:50:00Z,23.0,https://playground.fiesta-iot.eu/iot-registry/api/resources/VD51grLyIMr1yiyOCd3mhelFzrQ7icP3LU1dYu_b9y4EwoORayCitBucsTn0HCjDm2ZZFgXIzaUPX6e7Pr5P0UOjZ55VPpmYoJw6cmZbobrI-KEpr6moAP7xBFIsHW9-
2018-02-22T10:50:00Z,227.0,https://playground.fiesta-iot.eu/iot-registry/api/resources/KdwL6tX9v90f3mDZSPzhLrBf8ugbXSediTRFwd1dZFd-B5X1lBX8wJZMje1XsN6uYNtWSPoJVQohGF1A-Ytqv3dBdNrkFB0bB4521EeqyXhos72w5gVv23YUQojC8lSp
2018-02-22T10:50:00Z,23.0,https://playground.fiesta-iot.eu/iot-registry/api/resources/h1XKw7Nw21R8rtVF1fkeEO0zalYvqXYQr2fIVl9N-o7zxPze_b0MNaWOUE1lFXmMxzgetiHiUEBWyPJmlEzZAShWPGmYukkIp3ov8cfYkPnsFHDa9lbqn-HS7VZCoCUv
2018-02-22T10:50:00Z,28.0,https://playground.fiesta-iot.eu/iot-registry/api/resources/koHeE4wfk0y4s-YsggMi6cePW5tV0WQgImq_bWwEhS0ncJy8m6GO6qIW1o52eUrkmSFhBPOaKAoC_TrohyoNnQHMZkyNtt10zdDMo51_yHNjmM5krIBUUZ6F6uhk9Lfl
2018-02-22T10:50:00Z,27.0,https://playground.fiesta-iot.eu/iot-registry/api/resources/yeBlDF_1pPYNjYwOnTG00JhssXBiZVyN5lHKyqaBx8k5yspBMkpXVUfgpIQ03ufklU8xQrDAmYckZG90zJAgdywKWmJRaif5-hkpdoq2TOxkWBnchNFPWhVh6Apn4Bgc
2018-02-22T10:50:00Z,34.0,https://playground.fiesta-iot.eu/iot-registry/api/resources/arb5feLz0hVJmV4khAtxtmU4ZasbTizFCc2Q82WOBeJ7ObPinMfb-5dY9DqA04jHU80nlHBID7O5d7hhyBH5bXDHPzVJMpJ2I8x1Ju3xtr9ri4DYw0XlvyMZk3nyZUU9
2018-02-22T10:50:00Z,23.0,https://playground.fiesta-iot.eu/iot-registry/api/resources/MoJbp36FWcoHd09x8yvpGRbdfJ6R6GldhZxpyorDMfeHD7QbdjEUo4JkMOtUwZjxR6bshbpndQFy5vqMSBtCAiUPEAdQ-O5rsBvn36DHFkVoI3tExBnGqkpuFphngBVo
2018-02-22T10:50:00Z,30.0,https://playground.fiesta-iot.eu/iot-registry/api/resources/ORnt0eFjSUotSgFVOQeHpQthHvjY6vz9_LzOkV-BPkkBmCqZBVASLn8xb0ksAYgzNHl5dAzm0aMxgBuMCbeREB1rx2WLLl4ia9LsGpeejR9podvMrZNeWngN7YK7KMby
2018-02-22T10:50:00Z,23.0,https://playground.fiesta-iot.eu/iot-registry/api/resources/56ho0gf8mCdS-o-mUREhhfytOqloa-tNu-l0H2s5VtsQwfhcdFPw2GhBfjjU3WGI4dn_OTvCWqn-uvdwWwhH6lo9ECBzUIXvSxIUoYu57QNsscNKTQfN9_R_E_4gjOKM
2018-02-22T10:50:00Z,26.0,https://playground.fiesta-iot.eu/iot-registry/api/resources/aG9BmIcSlsu9uHb9HsN7Ac6UaIMwZzzTtLwgf4Q1jybodkcKDEneCOLFxPEDz1-hIqV2S_xXnuYLE1f3mgfmKpyEI0z5OCnBbLTAK_ewv12rKWFFpIH34jn4zJ5fRoqW
2018-02-22T10:50:00Z,340.0,https://playground.fiesta-iot.eu/iot-registry/api/resources/j7FkMmdJBXBPT6Y8GmcythgkDhRiLFfBlfQOOC3FEVaPGLd28zaiDM_tJ-8-Sl5jbCJGtk__mJmTD7XH7fAEfFckr7Dm6GsBkqlg1B-u_Dquzsh9RpuKdOCX0BFpuzI5
2018-02-22T10:50:00Z,28.0,https://playground.fiesta-iot.eu/iot-registry/api/resources/yc3lci3IcdobHr4oKV_SNYNKOgs-xptxLSYHEKvl4gFoq92zbXxc4M1IL2n50Dw1k5Ki_fVjp5ag5A59hQ6PBq4uCFEOGlDMCjnQD_CgZ2JgFuvfDPX6EpBdX8rk70gE
2018-02-22T10:50:00Z,285.0,https://playground.fiesta-iot.eu/iot-registry/api/resources/MPGM4eJOmLBB5SeVX6E9HWzqC1KjKLg87L48ZVGyU80D77mZXSEcWgck12rs504ierr9BOljDaxpdOJLcQrvP0-4Y30gDxfAje8djalU_5catGYBbPVnO_ewU5SUiH5A
2018-02-22T10:50:00Z,28.0,https://playground.fiesta-iot.eu/iot-registry/api/resources/CSO2y2cQU_LnJiz74e6yk_0g9o69PBsPYXK5WOb-x2iJuOSwg5VIVBUlyv-Y1kT2CIaOMfNQiTNOo37o1nygCwhmJV6Fd-ZGeuXkm3XpVP0zqeUcy9BIPh5Ld-A7VV3g
2018-02-22T10:50:00Z,32.0,https://playground.fiesta-iot.eu/iot-registry/api/resources/dfiCZSvOQ4HB4G9A0-574SI98VDa-rHw6XSelqruUR9-SbFZgqdhfZmFIPrcgzZ9S3FUmR0K2qp-Ex1ABBACj0ufT_l2wfV7WkpeJbvJIGDWrNOIEM4tx4_ImLd7IJBz
2018-02-22T10:50:00Z,326.0,https://playground.fiesta-iot.eu/iot-registry/api/resources/O07wufrWNvGVOw-Ax5sLvp4ku3ZBIa0yu9lqTOjkvLVMttKfVjnc2_M4gJE5qrdj85xmC2ggeAvS5JJaPriTsYvAMSazv7A3boJEJ0bbeVDii9BBa0tj3oUUJgRnKmbO
2018-02-22T10:50:00Z,204.0,https://playground.fiesta-iot.eu/iot-registry/api/resources/e1cuF-lDGkj65CiuAB_aTBGArbFWGOVK-rmlmP3TRCe3rqxWus42Wl2vO2t3C7yC8YurdoRr8GiWGTpq0mqWyv6-aALa5_gdvNXYR8dOHEDScelrZIHv5ac7fl2kF-AG
2018-02-22T10:50:00Z,28.0,https://playground.fiesta-iot.eu/iot-registry/api/resources/hR7y4NEgx7tJWb4QdSCI1Gx61m6G2v6GKrpkrvFX0ESmaoY49m02dbNJGxDEbtK5nBJ8Jqkrq2CG4gszLi2MusL4A01IjbsMr-SWXgQAATyFxhTQujF3f4KiLa0uyN8w
2018-02-22T10:50:00Z,23.0,https://playground.fiesta-iot.eu/iot-registry/api/resources/wuVbNPAfVV4QttJFXJ9H331iu7hOP6CA-oFDKdE_DsHzho2uxOABD9PWCnRRd4RXXQJmvWlIbA-FP6EFRTyI6ohh9H2VPl9MbmpycKFP5VXeMYUfkyZau5Lf4VFDLh_u
2018-02-22T10:51:43.02Z,18.38,https://playground.fiesta-iot.eu/iot-registry/api/resources/XrGos2wFKHqgNQLcEKN45oXPmz46iiJlVdzjNWQuAiZhaiFtdBjv8ZpBqV6II2USaUXK8CIXqL2DUqNBIV3BdErgaLV5edZTBZQgLSww3QE=
2018-02-22T10:51:48.763Z,30.93,https://playground.fiesta-iot.eu/iot-registry/api/resources/UQ3ntuvhadCnxNROiCAODjjv_6MgNnDTQQbZGtdU6PLRAXP0eYRc7wkIawseJU0IBnaoV-aUlYCTD0pzHTNAavYa-37EuEaRTZ9j21UoCTc=
2018-02-22T10:53:53.715Z,29.08,https://playground.fiesta-iot.eu/iot-registry/api/resources/zvx-aKPDaoJEtOMXkP6CjiEfSUctDmFAZTZ6mbo715WMYiG0mh-yiV0O5Kvkd8x7eVwrY4xTAzNK8GQoPRa1wPgZ2-6Zh0n0gGyAld13Xkg=
2018-02-22T10:54:37.648Z,23.02,https://playground.fiesta-iot.eu/iot-registry/api/resources/k5-3_gp4a1LlLj7NbkXE-fBYTaD0V5kmZuFAKU_XiCWVnUoDcTEYmHZbkE0s9qmNO2HPr2m_WUPIOwG-jBgadbxqgM7jIbFK4tBX2wvxV8M=
2018-02-22T10:55:00Z,7.7,https://playground.fiesta-iot.eu/iot-registry/api/resources/z4eML_qbplF2Psbo77mIwGAXahddakX1GI3MFU7E1MZlRWGPB1ft_u9ENPhcE3crDamLIforhMuZZdBieMG5qQSLBD4I2JdoE35c8bs5QA2qPRwV-UDAP_8fZPu5nt5D
2018-02-22T10:55:19.27Z,24.09,https://playground.fiesta-iot.eu/iot-registry/api/resources/xjH8D9gqsPAeEWXONlQDhTLpAzqI1tCnwGvD5ENx3LE_AZPpKrcIvlLZ7UMX1PfZ379PwT5DaudylRQ7_JpWVYJgViGWIfX0vyRF_bL6lE4=
2018-02-22T10:55:35.753Z,23.59,https://playground.fiesta-iot.eu/iot-registry/api/resources/ldwjmmqo4_6-RQVCIutKqxzvuhdHlMKapA5GYbJYYyGmHvAke4u7h9QoNQfMZOoTgjYWGuIs2Hawo4Ias7mT8s1rJMFwPjoj_GM58F4it7k=
2018-02-22T10:55:47.201Z,28.68,https://playground.fiesta-iot.eu/iot-registry/api/resources/FQTqx4w__wpO1iEav6H0CnQfOBUZSkhgtOokOc0hs08MXR1_WKPFd1WKEONSlPLp3RUOzvU4IkHtjpYHOtG5xPWB37uvMdxL11P9zIg7PDc=
2018-02-22T10:57:48.045Z,22.77,https://playground.fiesta-iot.eu/iot-registry/api/resources/Huksuaia4wMd2SmtlomvLkIPfY0bhN3Pq7ak90SO0ANVlZmo47RnZcXrgrweHYly5bI8q1IXQrd-j3KtX5UeKeZ_2L-4nnnqb16vNFFbet4=
2018-02-22T11:00:04.412Z,10.5,https://playground.fiesta-iot.eu/iot-registry/api/resources/FUIBUTUDCOdIfNX8hVyka6E1pmNgjLAuOA6XctHsoQe1AZCpnmuOxjnPZtnRjD-A
2018-02-22T11:00:59.692Z,31.63,https://playground.fiesta-iot.eu/iot-registry/api/resources/UQ3ntuvhadCnxNROiCAODjjv_6MgNnDTQQbZGtdU6PLRAXP0eYRc7wkIawseJU0IBnaoV-aUlYCTD0pzHTNAavYa-37EuEaRTZ9j21UoCTc=
2018-02-22T11:01:24.739Z,18.18,https://playground.fiesta-iot.eu/iot-registry/api/resources/XrGos2wFKHqgNQLcEKN45oXPmz46iiJlVdzjNWQuAiZhaiFtdBjv8ZpBqV6II2USaUXK8CIXqL2DUqNBIV3BdErgaLV5edZTBZQgLSww3QE=
2018-02-22T11:01:49Z,25.25,https://playground.fiesta-iot.eu/iot-registry/api/resources/O_-mHMJkKQRaclwE5y-oAi_W8G2yMF1Rjk4_I78_Eibp1hDzW7lKrdGmVk24vS7s6s-gdHQ0s0aeDHybNMvokQ==
2018-02-22T11:03:14.325Z,23.87,https://playground.fiesta-iot.eu/iot-registry/api/resources/xjH8D9gqsPAeEWXONlQDhTLpAzqI1tCnwGvD5ENx3LE_AZPpKrcIvlLZ7UMX1PfZ379PwT5DaudylRQ7_JpWVYJgViGWIfX0vyRF_bL6lE4=
2018-02-22T11:03:30.795Z,28.74,https://playground.fiesta-iot.eu/iot-registry/api/resources/zvx-aKPDaoJEtOMXkP6CjiEfSUctDmFAZTZ6mbo715WMYiG0mh-yiV0O5Kvkd8x7eVwrY4xTAzNK8GQoPRa1wPgZ2-6Zh0n0gGyAld13Xkg=
2018-02-22T11:03:34.573Z,23.6,https://playground.fiesta-iot.eu/iot-registry/api/resources/ldwjmmqo4_6-RQVCIutKqxzvuhdHlMKapA5GYbJYYyGmHvAke4u7h9QoNQfMZOoTgjYWGuIs2Hawo4Ias7mT8s1rJMFwPjoj_GM58F4it7k=
2018-02-22T11:04:37.328Z,23.01,https://playground.fiesta-iot.eu/iot-registry/api/resources/k5-3_gp4a1LlLj7NbkXE-fBYTaD0V5kmZuFAKU_XiCWVnUoDcTEYmHZbkE0s9qmNO2HPr2m_WUPIOwG-jBgadbxqgM7jIbFK4tBX2wvxV8M=
2018-02-22T11:06:12.714Z,29.5,https://playground.fiesta-iot.eu/iot-registry/api/resources/FQTqx4w__wpO1iEav6H0CnQfOBUZSkhgtOokOc0hs08MXR1_WKPFd1WKEONSlPLp3RUOzvU4IkHtjpYHOtG5xPWB37uvMdxL11P9zIg7PDc=
2018-02-22T11:07:49.097Z,22.91,https://playground.fiesta-iot.eu/iot-registry/api/resources/Huksuaia4wMd2SmtlomvLkIPfY0bhN3Pq7ak90SO0ANVlZmo47RnZcXrgrweHYly5bI8q1IXQrd-j3KtX5UeKeZ_2L-4nnnqb16vNFFbet4=
2018-02-22T11:09:10.26Z,18.29,https://playground.fiesta-iot.eu/iot-registry/api/resources/XrGos2wFKHqgNQLcEKN45oXPmz46iiJlVdzjNWQuAiZhaiFtdBjv8ZpBqV6II2USaUXK8CIXqL2DUqNBIV3BdErgaLV5edZTBZQgLSww3QE=
2018-02-22T11:10:00Z,23.0,https://playground.fiesta-iot.eu/iot-registry/api/resources/W5du2EJzGl_ewNud-Atl4-2tRokwHzGKpubBb33Kifr5Omtbk16UmJXp_admjA0yu-HHPgroDOzU1tieEMXF5HMBw5oeV8gZcgbHJUAr5RdUi3ChbpBk7lZZC3zCx9aR
2018-02-22T11:10:00Z,21.0,https://playground.fiesta-iot.eu/iot-registry/api/resources/6mPmAjbOpKNVarPLLFFKtqvuNcup8MYi0AClsb_VeB7eLr7mulfITdjQzdCKgW8TdvUmCQTHIx3wF4Yfj718NY3B426zQeMJ-aERuevT872nZOjyoUdhfwWzXFo_GVeM
2018-02-22T11:10:00Z,23.0,https://playground.fiesta-iot.eu/iot-registry/api/resources/ZC0f9obdrfLNPvu61yiNg3SV6wiezEOAOqJH5rtrecYn8XzYRFSkeo-E3OFpf1wFiqg-RujUmgB8I3IEdZNcLUMmodKR-iiJr8ck1uDmRN3s5VFKUMZ9ffHl3VeYWdzn
2018-02-22T11:10:00Z,242.0,https://playground.fiesta-iot.eu/iot-registry/api/resources/asHvEiTyhMf9XL0NtzF-7rTIDgmDVdDRcaUaFG0c5g4K4gKtWaRO8a9hOcpaDOSbnJJU83YWyWxuQugti8u3gj3cVL-yQxp3jc2jJ1HTT5EnoxsDQXloR-18W9RWPVtw
2018-02-22T11:10:00Z,23.0,https://playground.fiesta-iot.eu/iot-registry/api/resources/nX2OutLKf0YvalJTF2otd1Yqt6cwlDiP9f0WcD6YgSDuuC6MHCfHhk2N96unEtTOrKe6qwx1Ue4YLeMuwghSWvgMXaNwg7_LtLdV6ScvKzwkPZEOyapTf7xypp86uRQG
2018-02-22T11:10:00Z,23.0,https://playground.fiesta-iot.eu/iot-registry/api/resources/5FiLUs0aTEC_VcWDJUWBBj07-FhK6CxuPGs4rXaq3awowjwDWJsxvpvFvEVd0wSyxgNdkNr-q1MOyCgI1FnsFLe9KU_xnqVV6ms-oiFW64vj6hnu04VZO7pNd67aTe-x
2018-02-22T11:10:00Z,27.0,https://playground.fiesta-iot.eu/iot-registry/api/resources/e4eLyXGHwPuGiMGfiwawteYsr6x7PnHrtgHEMfRJuMabgCxP85yFqte8bRo9UyD4maY2JzUOAjmuHeF3F7ssTYIn2TOiNzKtyWTtjDL-cH76FqBXWC2ftgnelb7ij3FO
2018-02-22T11:10:00Z,23.0,https://playground.fiesta-iot.eu/iot-registry/api/resources/sXsRGYAh8mX8ZXAvEFlcCu55pVZkdXL_jJojvrO6_6v97Cnncyii5xT8h0eJdGV5j6CUJA2ar5CnsjUa4RRMpDX3Fc8QG20akkpGAMlERYEY4EYje1rzyNylDORhWqj1
2018-02-22T11:10:00Z,31.0,https://playground.fiesta-iot.eu/iot-registry/api/resources/sCWgNBPXaWwkxHs7VEQodl-kAAJKa7n1erpqTbT_RdQzkaJIFNRvK5HiPMUxxDIqkr3cNYBBBsASLysIwTi8poxIGOnWGli7wAyqh1c3q02hX5S3MZVNuG-zgtVlu97o
2018-02-22T11:10:00Z,25.0,https://playground.fiesta-iot.eu/iot-registry/api/resources/Xncpa-L5Ra-c8kHgyZo06paZNlSRdXvqZOCeHB5u5guUoq1FsTbFJr2kSqmhv6X_j3Fpv4fa3czTt7rfMSpMNa5osLAp5oVWgNVTZd9YuUWO5FMBT6rL8JKp_c90I7Wb
2018-02-22T11:10:00Z,22.0,https://playground.fiesta-iot.eu/iot-registry/api/resources/V1YH-QeIGRfxCIIeINBrn-O2Aq9x2aRslRwrod34VLtizY9h2nUdRI-Y4SjTRqyu-dNuBsh_1JaO8ZBBlwFHDyQ6A7RyUrFxKnYS6SzYXCu8YZ2HqEtaeveNYUSdYIL3
2018-02-22T11:10:00Z,23.0,https://playground.fiesta-iot.eu/iot-registry/api/resources/KJdQsIGbyjvqUwmU_EJplf4pYFxZBEn1D9kbP8UX6pweGTfra4vmwd3svYj47OWObAUd_SG7wKOTrkYF8Bh2EeX63kbZ41c2ecystlNSbislEji_meb6Or-pfqlwtNUu
2018-02-22T11:10:00Z,33.0,https://playground.fiesta-iot.eu/iot-registry/api/resources/yMAOmm3zC7HDZUtYCKMx5k4Ti5C5hT7_S9ZHcScvbhRB3DHAZah1-rE65wI5tpb_hTO4Pp6ZofiALNw0P0BIoIZl_c5GE6dPJ7sn--_R2PyIxpFZm36YT0h-7jK3MVHP
2018-02-22T11:10:00Z,23.0,https://playground.fiesta-iot.eu/iot-registry/api/resources/VD51grLyIMr1yiyOCd3mhelFzrQ7icP3LU1dYu_b9y4EwoORayCitBucsTn0HCjDm2ZZFgXIzaUPX6e7Pr5P0UOjZ55VPpmYoJw6cmZbobrI-KEpr6moAP7xBFIsHW9-
2018-02-22T11:10:00Z,224.0,https://playground.fiesta-iot.eu/iot-registry/api/resources/KdwL6tX9v90f3mDZSPzhLrBf8ugbXSediTRFwd1dZFd-B5X1lBX8wJZMje1XsN6uYNtWSPoJVQohGF1A-Ytqv3dBdNrkFB0bB4521EeqyXhos72w5gVv23YUQojC8lSp
2018-02-22T11:10:00Z,23.0,https://playground.fiesta-iot.eu/iot-registry/api/resources/h1XKw7Nw21R8rtVF1fkeEO0zalYvqXYQr2fIVl9N-o7zxPze_b0MNaWOUE1lFXmMxzgetiHiUEBWyPJmlEzZAShWPGmYukkIp3ov8cfYkPnsFHDa9lbqn-HS7VZCoCUv
2018-02-22T11:10:00Z,28.0,https://playground.fiesta-iot.eu/iot-registry/api/resources/koHeE4wfk0y4s-YsggMi6cePW5tV0WQgImq_bWwEhS0ncJy8m6GO6qIW1o52eUrkmSFhBPOaKAoC_TrohyoNnQHMZkyNtt10zdDMo51_yHNjmM5krIBUUZ6F6uhk9Lfl
2018-02-22T11:10:00Z,27.0,https://playground.fiesta-iot.eu/iot-registry/api/resources/yeBlDF_1pPYNjYwOnTG00JhssXBiZVyN5lHKyqaBx8k5yspBMkpXVUfgpIQ03ufklU8xQrDAmYckZG90zJAgdywKWmJRaif5-hkpdoq2TOxkWBnchNFPWhVh6Apn4Bgc
2018-02-22T11:10:00Z,34.0,https://playground.fiesta-iot.eu/iot-registry/api/resources/arb5feLz0hVJmV4khAtxtmU4ZasbTizFCc2Q82WOBeJ7ObPinMfb-5dY9DqA04jHU80nlHBID7O5d7hhyBH5bXDHPzVJMpJ2I8x1Ju3xtr9ri4DYw0XlvyMZk3nyZUU9
2018-02-22T11:10:00Z,23.0,https://playground.fiesta-iot.eu/iot-registry/api/resources/MoJbp36FWcoHd09x8yvpGRbdfJ6R6GldhZxpyorDMfeHD7QbdjEUo4JkMOtUwZjxR6bshbpndQFy5vqMSBtCAiUPEAdQ-O5rsBvn36DHFkVoI3tExBnGqkpuFphngBVo
2018-02-22T11:10:00Z,30.0,https://playground.fiesta-iot.eu/iot-registry/api/resources/ORnt0eFjSUotSgFVOQeHpQthHvjY6vz9_LzOkV-BPkkBmCqZBVASLn8xb0ksAYgzNHl5dAzm0aMxgBuMCbeREB1rx2WLLl4ia9LsGpeejR9podvMrZNeWngN7YK7KMby
2018-02-22T11:10:00Z,23.0,https://playground.fiesta-iot.eu/iot-registry/api/resources/56ho0gf8mCdS-o-mUREhhfytOqloa-tNu-l0H2s5VtsQwfhcdFPw2GhBfjjU3WGI4dn_OTvCWqn-uvdwWwhH6lo9ECBzUIXvSxIUoYu57QNsscNKTQfN9_R_E_4gjOKM
2018-02-22T11:10:00Z,26.0,https://playground.fiesta-iot.eu/iot-registry/api/resources/aG9BmIcSlsu9uHb9HsN7Ac6UaIMwZzzTtLwgf4Q1jybodkcKDEneCOLFxPEDz1-hIqV2S_xXnuYLE1f3mgfmKpyEI0z5OCnBbLTAK_ewv12rKWFFpIH34jn4zJ5fRoqW
2018-02-22T11:10:00Z,338.0,https://playground.fiesta-iot.eu/iot-registry/api/resources/j7FkMmdJBXBPT6Y8GmcythgkDhRiLFfBlfQOOC3FEVaPGLd28zaiDM_tJ-8-Sl5jbCJGtk__mJmTD7XH7fAEfFckr7Dm6GsBkqlg1B-u_Dquzsh9RpuKdOCX0BFpuzI5
2018-02-22T11:10:00Z,27.0,https://playground.fiesta-iot.eu/iot-registry/api/resources/yc3lci3IcdobHr4oKV_SNYNKOgs-xptxLSYHEKvl4gFoq92zbXxc4M1IL2n50Dw1k5Ki_fVjp5ag5A59hQ6PBq4uCFEOGlDMCjnQD_CgZ2JgFuvfDPX6EpBdX8rk70gE
2018-02-22T11:10:00Z,295.0,https://playground.fiesta-iot.eu/iot-registry/api/resources/MPGM4eJOmLBB5SeVX6E9HWzqC1KjKLg87L48ZVGyU80D77mZXSEcWgck12rs504ierr9BOljDaxpdOJLcQrvP0-4Y30gDxfAje8djalU_5catGYBbPVnO_ewU5SUiH5A
2018-02-22T11:10:00Z,7.7,https://playground.fiesta-iot.eu/iot-registry/api/resources/z4eML_qbplF2Psbo77mIwGAXahddakX1GI3MFU7E1MZlRWGPB1ft_u9ENPhcE3crDamLIforhMuZZdBieMG5qQSLBD4I2JdoE35c8bs5QA2qPRwV-UDAP_8fZPu5nt5D
2018-02-22T11:10:00Z,28.0,https://playground.fiesta-iot.eu/iot-registry/api/resources/CSO2y2cQU_LnJiz74e6yk_0g9o69PBsPYXK5WOb-x2iJuOSwg5VIVBUlyv-Y1kT2CIaOMfNQiTNOo37o1nygCwhmJV6Fd-ZGeuXkm3XpVP0zqeUcy9BIPh5Ld-A7VV3g
2018-02-22T11:10:00Z,32.0,https://playground.fiesta-iot.eu/iot-registry/api/resources/dfiCZSvOQ4HB4G9A0-574SI98VDa-rHw6XSelqruUR9-SbFZgqdhfZmFIPrcgzZ9S3FUmR0K2qp-Ex1ABBACj0ufT_l2wfV7WkpeJbvJIGDWrNOIEM4tx4_ImLd7IJBz
2018-02-22T11:10:00Z,325.0,https://playground.fiesta-iot.eu/iot-registry/api/resources/O07wufrWNvGVOw-Ax5sLvp4ku3ZBIa0yu9lqTOjkvLVMttKfVjnc2_M4gJE5qrdj85xmC2ggeAvS5JJaPriTsYvAMSazv7A3boJEJ0bbeVDii9BBa0tj3oUUJgRnKmbO
2018-02-22T11:10:00Z,210.0,https://playground.fiesta-iot.eu/iot-registry/api/resources/e1cuF-lDGkj65CiuAB_aTBGArbFWGOVK-rmlmP3TRCe3rqxWus42Wl2vO2t3C7yC8YurdoRr8GiWGTpq0mqWyv6-aALa5_gdvNXYR8dOHEDScelrZIHv5ac7fl2kF-AG
2018-02-22T11:10:00Z,28.0,https://playground.fiesta-iot.eu/iot-registry/api/resources/hR7y4NEgx7tJWb4QdSCI1Gx61m6G2v6GKrpkrvFX0ESmaoY49m02dbNJGxDEbtK5nBJ8Jqkrq2CG4gszLi2MusL4A01IjbsMr-SWXgQAATyFxhTQujF3f4KiLa0uyN8w
2018-02-22T11:10:00Z,23.0,https://playground.fiesta-iot.eu/iot-registry/api/resources/wuVbNPAfVV4QttJFXJ9H331iu7hOP6CA-oFDKdE_DsHzho2uxOABD9PWCnRRd4RXXQJmvWlIbA-FP6EFRTyI6ohh9H2VPl9MbmpycKFP5VXeMYUfkyZau5Lf4VFDLh_u
2018-02-22T11:10:09.906Z,31.94,https://playground.fiesta-iot.eu/iot-registry/api/resources/UQ3ntuvhadCnxNROiCAODjjv_6MgNnDTQQbZGtdU6PLRAXP0eYRc7wkIawseJU0IBnaoV-aUlYCTD0pzHTNAavYa-37EuEaRTZ9j21UoCTc=
2018-02-22T11:12:37.073Z,22.97,https://playground.fiesta-iot.eu/iot-registry/api/resources/k5-3_gp4a1LlLj7NbkXE-fBYTaD0V5kmZuFAKU_XiCWVnUoDcTEYmHZbkE0s9qmNO2HPr2m_WUPIOwG-jBgadbxqgM7jIbFK4tBX2wvxV8M=
2018-02-22T11:13:07.685Z,30.19,https://playground.fiesta-iot.eu/iot-registry/api/resources/zvx-aKPDaoJEtOMXkP6CjiEfSUctDmFAZTZ6mbo715WMYiG0mh-yiV0O5Kvkd8x7eVwrY4xTAzNK8GQoPRa1wPgZ2-6Zh0n0gGyAld13Xkg=
2018-02-22T11:13:08.52Z,23.61,https://playground.fiesta-iot.eu/iot-registry/api/resources/xjH8D9gqsPAeEWXONlQDhTLpAzqI1tCnwGvD5ENx3LE_AZPpKrcIvlLZ7UMX1PfZ379PwT5DaudylRQ7_JpWVYJgViGWIfX0vyRF_bL6lE4=
2018-02-22T11:13:33.376Z,23.6,https://playground.fiesta-iot.eu/iot-registry/api/resources/ldwjmmqo4_6-RQVCIutKqxzvuhdHlMKapA5GYbJYYyGmHvAke4u7h9QoNQfMZOoTgjYWGuIs2Hawo4Ias7mT8s1rJMFwPjoj_GM58F4it7k=
2018-02-22T11:14:33.226Z,29.54,https://playground.fiesta-iot.eu/iot-registry/api/resources/FQTqx4w__wpO1iEav6H0CnQfOBUZSkhgtOokOc0hs08MXR1_WKPFd1WKEONSlPLp3RUOzvU4IkHtjpYHOtG5xPWB37uvMdxL11P9zIg7PDc=
2018-02-22T11:15:00.88Z,10.5,https://playground.fiesta-iot.eu/iot-registry/api/resources/FUIBUTUDCOdIfNX8hVyka6E1pmNgjLAuOA6XctHsoQe1AZCpnmuOxjnPZtnRjD-A
2018-02-22T11:15:49.756Z,23.02,https://playground.fiesta-iot.eu/iot-registry/api/resources/Huksuaia4wMd2SmtlomvLkIPfY0bhN3Pq7ak90SO0ANVlZmo47RnZcXrgrweHYly5bI8q1IXQrd-j3KtX5UeKeZ_2L-4nnnqb16vNFFbet4=
2018-02-22T11:18:52.332Z,18.12,https://playground.fiesta-iot.eu/iot-registry/api/resources/XrGos2wFKHqgNQLcEKN45oXPmz46iiJlVdzjNWQuAiZhaiFtdBjv8ZpBqV6II2USaUXK8CIXqL2DUqNBIV3BdErgaLV5edZTBZQgLSww3QE=
2018-02-22T11:19:19.662Z,32.63,https://playground.fiesta-iot.eu/iot-registry/api/resources/UQ3ntuvhadCnxNROiCAODjjv_6MgNnDTQQbZGtdU6PLRAXP0eYRc7wkIawseJU0IBnaoV-aUlYCTD0pzHTNAavYa-37EuEaRTZ9j21UoCTc=
2018-02-22T11:20:47.839Z,31.29,https://playground.fiesta-iot.eu/iot-registry/api/resources/zvx-aKPDaoJEtOMXkP6CjiEfSUctDmFAZTZ6mbo715WMYiG0mh-yiV0O5Kvkd8x7eVwrY4xTAzNK8GQoPRa1wPgZ2-6Zh0n0gGyAld13Xkg=
2018-02-22T11:21:04.237Z,23.59,https://playground.fiesta-iot.eu/iot-registry/api/resources/xjH8D9gqsPAeEWXONlQDhTLpAzqI1tCnwGvD5ENx3LE_AZPpKrcIvlLZ7UMX1PfZ379PwT5DaudylRQ7_JpWVYJgViGWIfX0vyRF_bL6lE4=
2018-02-22T11:21:31.966Z,23.63,https://playground.fiesta-iot.eu/iot-registry/api/resources/ldwjmmqo4_6-RQVCIutKqxzvuhdHlMKapA5GYbJYYyGmHvAke4u7h9QoNQfMZOoTgjYWGuIs2Hawo4Ias7mT8s1rJMFwPjoj_GM58F4it7k=
2018-02-22T11:21:52Z,25.45,https://playground.fiesta-iot.eu/iot-registry/api/resources/O_-mHMJkKQRaclwE5y-oAi_W8G2yMF1Rjk4_I78_Eibp1hDzW7lKrdGmVk24vS7s6s-gdHQ0s0aeDHybNMvokQ==
2018-02-22T11:22:36.757Z,23.0,https://playground.fiesta-iot.eu/iot-registry/api/resources/k5-3_gp4a1LlLj7NbkXE-fBYTaD0V5kmZuFAKU_XiCWVnUoDcTEYmHZbkE0s9qmNO2HPr2m_WUPIOwG-jBgadbxqgM7jIbFK4tBX2wvxV8M=
2018-02-22T11:22:52.155Z,29.68,https://playground.fiesta-iot.eu/iot-registry/api/resources/FQTqx4w__wpO1iEav6H0CnQfOBUZSkhgtOokOc0hs08MXR1_WKPFd1WKEONSlPLp3RUOzvU4IkHtjpYHOtG5xPWB37uvMdxL11P9zIg7PDc=
2018-02-22T11:25:00Z,7.3,https://playground.fiesta-iot.eu/iot-registry/api/resources/z4eML_qbplF2Psbo77mIwGAXahddakX1GI3MFU7E1MZlRWGPB1ft_u9ENPhcE3crDamLIforhMuZZdBieMG5qQSLBD4I2JdoE35c8bs5QA2qPRwV-UDAP_8fZPu5nt5D
2018-02-22T11:25:50.356Z,23.08,https://playground.fiesta-iot.eu/iot-registry/api/resources/Huksuaia4wMd2SmtlomvLkIPfY0bhN3Pq7ak90SO0ANVlZmo47RnZcXrgrweHYly5bI8q1IXQrd-j3KtX5UeKeZ_2L-4nnnqb16vNFFbet4=
2018-02-22T11:28:35.501Z,33.36,https://playground.fiesta-iot.eu/iot-registry/api/resources/UQ3ntuvhadCnxNROiCAODjjv_6MgNnDTQQbZGtdU6PLRAXP0eYRc7wkIawseJU0IBnaoV-aUlYCTD0pzHTNAavYa-37EuEaRTZ9j21UoCTc=
2018-02-22T11:28:37.478Z,18.21,https://playground.fiesta-iot.eu/iot-registry/api/resources/XrGos2wFKHqgNQLcEKN45oXPmz46iiJlVdzjNWQuAiZhaiFtdBjv8ZpBqV6II2USaUXK8CIXqL2DUqNBIV3BdErgaLV5edZTBZQgLSww3QE=
2018-02-22T11:30:00Z,23.0,https://playground.fiesta-iot.eu/iot-registry/api/resources/W5du2EJzGl_ewNud-Atl4-2tRokwHzGKpubBb33Kifr5Omtbk16UmJXp_admjA0yu-HHPgroDOzU1tieEMXF5HMBw5oeV8gZcgbHJUAr5RdUi3ChbpBk7lZZC3zCx9aR
2018-02-22T11:30:00Z,21.0,https://playground.fiesta-iot.eu/iot-registry/api/resources/6mPmAjbOpKNVarPLLFFKtqvuNcup8MYi0AClsb_VeB7eLr7mulfITdjQzdCKgW8TdvUmCQTHIx3wF4Yfj718NY3B426zQeMJ-aERuevT872nZOjyoUdhfwWzXFo_GVeM
2018-02-22T11:30:00Z,23.0,https://playground.fiesta-iot.eu/iot-registry/api/resources/ZC0f9obdrfLNPvu61yiNg3SV6wiezEOAOqJH5rtrecYn8XzYRFSkeo-E3OFpf1wFiqg-RujUmgB8I3IEdZNcLUMmodKR-iiJr8ck1uDmRN3s5VFKUMZ9ffHl3VeYWdzn
2018-02-22T11:30:00Z,239.0,https://playground.fiesta-iot.eu/iot-registry/api/resources/asHvEiTyhMf9XL0NtzF-7rTIDgmDVdDRcaUaFG0c5g4K4gKtWaRO8a9hOcpaDOSbnJJU83YWyWxuQugti8u3gj3cVL-yQxp3jc2jJ1HTT5EnoxsDQXloR-18W9RWPVtw
2018-02-22T11:30:00Z,23.0,https://playground.fiesta-iot.eu/iot-registry/api/resources/nX2OutLKf0YvalJTF2otd1Yqt6cwlDiP9f0WcD6YgSDuuC6MHCfHhk2N96unEtTOrKe6qwx1Ue4YLeMuwghSWvgMXaNwg7_LtLdV6ScvKzwkPZEOyapTf7xypp86uRQG
2018-02-22T11:30:00Z,23.0,https://playground.fiesta-iot.eu/iot-registry/api/resources/5FiLUs0aTEC_VcWDJUWBBj07-FhK6CxuPGs4rXaq3awowjwDWJsxvpvFvEVd0wSyxgNdkNr-q1MOyCgI1FnsFLe9KU_xnqVV6ms-oiFW64vj6hnu04VZO7pNd67aTe-x
2018-02-22T11:30:00Z,27.0,https://playground.fiesta-iot.eu/iot-registry/api/resources/e4eLyXGHwPuGiMGfiwawteYsr6x7PnHrtgHEMfRJuMabgCxP85yFqte8bRo9UyD4maY2JzUOAjmuHeF3F7ssTYIn2TOiNzKtyWTtjDL-cH76FqBXWC2ftgnelb7ij3FO
2018-02-22T11:30:00Z,23.0,https://playground.fiesta-iot.eu/iot-registry/api/resources/sXsRGYAh8mX8ZXAvEFlcCu55pVZkdXL_jJojvrO6_6v97Cnncyii5xT8h0eJdGV5j6CUJA2ar5CnsjUa4RRMpDX3Fc8QG20akkpGAMlERYEY4EYje1rzyNylDORhWqj1
2018-02-22T11:30:00Z,31.0,https://playground.fiesta-iot.eu/iot-registry/api/resources/sCWgNBPXaWwkxHs7VEQodl-kAAJKa7n1erpqTbT_RdQzkaJIFNRvK5HiPMUxxDIqkr3cNYBBBsASLysIwTi8poxIGOnWGli7wAyqh1c3q02hX5S3MZVNuG-zgtVlu97o
2018-02-22T11:30:00Z,25.0,https://playground.fiesta-iot.eu/iot-registry/api/resources/Xncpa-L5Ra-c8kHgyZo06paZNlSRdXvqZOCeHB5u5guUoq1FsTbFJr2kSqmhv6X_j3Fpv4fa3czTt7rfMSpMNa5osLAp5oVWgNVTZd9YuUWO5FMBT6rL8JKp_c90I7Wb
2018-02-22T11:30:00Z,21.0,https://playground.fiesta-iot.eu/iot-registry/api/resources/V1YH-QeIGRfxCIIeINBrn-O2Aq9x2aRslRwrod34VLtizY9h2nUdRI-Y4SjTRqyu-dNuBsh_1JaO8ZBBlwFHDyQ6A7RyUrFxKnYS6SzYXCu8YZ2HqEtaeveNYUSdYIL3
2018-02-22T11:30:00Z,23.0,https://playground.fiesta-iot.eu/iot-registry/api/resources/KJdQsIGbyjvqUwmU_EJplf4pYFxZBEn1D9kbP8UX6pweGTfra4vmwd3svYj47OWObAUd_SG7wKOTrkYF8Bh2EeX63kbZ41c2ecystlNSbislEji_meb6Or-pfqlwtNUu
2018-02-22T11:30:00Z,33.0,https://playground.fiesta-iot.eu/iot-registry/api/resources/yMAOmm3zC7HDZUtYCKMx5k4Ti5C5hT7_S9ZHcScvbhRB3DHAZah1-rE65wI5tpb_hTO4Pp6ZofiALNw0P0BIoIZl_c5GE6dPJ7sn--_R2PyIxpFZm36YT0h-7jK3MVHP
2018-02-22T11:30:00Z,23.0,https://playground.fiesta-iot.eu/iot-registry/api/resources/VD51grLyIMr1yiyOCd3mhelFzrQ7icP3LU1dYu_b9y4EwoORayCitBucsTn0HCjDm2ZZFgXIzaUPX6e7Pr5P0UOjZ55VPpmYoJw6cmZbobrI-KEpr6moAP7xBFIsHW9-
2018-02-22T11:30:00Z,222.0,https://playground.fiesta-iot.eu/iot-registry/api/resources/KdwL6tX9v90f3mDZSPzhLrBf8ugbXSediTRFwd1dZFd-B5X1lBX8wJZMje1XsN6uYNtWSPoJVQohGF1A-Ytqv3dBdNrkFB0bB4521EeqyXhos72w5gVv23YUQojC8lSp
2018-02-22T11:30:00Z,23.0,https://playground.fiesta-iot.eu/iot-registry/api/resources/h1XKw7Nw21R8rtVF1fkeEO0zalYvqXYQr2fIVl9N-o7zxPze_b0MNaWOUE1lFXmMxzgetiHiUEBWyPJmlEzZAShWPGmYukkIp3ov8cfYkPnsFHDa9lbqn-HS7VZCoCUv
2018-02-22T11:30:00Z,28.0,https://playground.fiesta-iot.eu/iot-registry/api/resources/koHeE4wfk0y4s-YsggMi6cePW5tV0WQgImq_bWwEhS0ncJy8m6GO6qIW1o52eUrkmSFhBPOaKAoC_TrohyoNnQHMZkyNtt10zdDMo51_yHNjmM5krIBUUZ6F6uhk9Lfl
2018-02-22T11:30:00Z,27.0,https://playground.fiesta-iot.eu/iot-registry/api/resources/yeBlDF_1pPYNjYwOnTG00JhssXBiZVyN5lHKyqaBx8k5yspBMkpXVUfgpIQ03ufklU8xQrDAmYckZG90zJAgdywKWmJRaif5-hkpdoq2TOxkWBnchNFPWhVh6Apn4Bgc
2018-02-22T11:30:00Z,33.0,https://playground.fiesta-iot.eu/iot-registry/api/resources/arb5feLz0hVJmV4khAtxtmU4ZasbTizFCc2Q82WOBeJ7ObPinMfb-5dY9DqA04jHU80nlHBID7O5d7hhyBH5bXDHPzVJMpJ2I8x1Ju3xtr9ri4DYw0XlvyMZk3nyZUU9
2018-02-22T11:30:00Z,23.0,https://playground.fiesta-iot.eu/iot-registry/api/resources/MoJbp36FWcoHd09x8yvpGRbdfJ6R6GldhZxpyorDMfeHD7QbdjEUo4JkMOtUwZjxR6bshbpndQFy5vqMSBtCAiUPEAdQ-O5rsBvn36DHFkVoI3tExBnGqkpuFphngBVo
2018-02-22T11:30:00Z,30.0,https://playground.fiesta-iot.eu/iot-registry/api/resources/ORnt0eFjSUotSgFVOQeHpQthHvjY6vz9_LzOkV-BPkkBmCqZBVASLn8xb0ksAYgzNHl5dAzm0aMxgBuMCbeREB1rx2WLLl4ia9LsGpeejR9podvMrZNeWngN7YK7KMby
2018-02-22T11:30:00Z,23.0,https://playground.fiesta-iot.eu/iot-registry/api/resources/56ho0gf8mCdS-o-mUREhhfytOqloa-tNu-l0H2s5VtsQwfhcdFPw2GhBfjjU3WGI4dn_OTvCWqn-uvdwWwhH6lo9ECBzUIXvSxIUoYu57QNsscNKTQfN9_R_E_4gjOKM
2018-02-22T11:30:00Z,26.0,https://playground.fiesta-iot.eu/iot-registry/api/resources/aG9BmIcSlsu9uHb9HsN7Ac6UaIMwZzzTtLwgf4Q1jybodkcKDEneCOLFxPEDz1-hIqV2S_xXnuYLE1f3mgfmKpyEI0z5OCnBbLTAK_ewv12rKWFFpIH34jn4zJ5fRoqW
2018-02-22T11:30:00Z,334.0,https://playground.fiesta-iot.eu/iot-registry/api/resources/j7FkMmdJBXBPT6Y8GmcythgkDhRiLFfBlfQOOC3FEVaPGLd28zaiDM_tJ-8-Sl5jbCJGtk__mJmTD7XH7fAEfFckr7Dm6GsBkqlg1B-u_Dquzsh9RpuKdOCX0BFpuzI5
2018-02-22T11:30:00Z,27.0,https://playground.fiesta-iot.eu/iot-registry/api/resources/yc3lci3IcdobHr4oKV_SNYNKOgs-xptxLSYHEKvl4gFoq92zbXxc4M1IL2n50Dw1k5Ki_fVjp5ag5A59hQ6PBq4uCFEOGlDMCjnQD_CgZ2JgFuvfDPX6EpBdX8rk70gE
2018-02-22T11:30:00Z,290.0,https://playground.fiesta-iot.eu/iot-registry/api/resources/MPGM4eJOmLBB5SeVX6E9HWzqC1KjKLg87L48ZVGyU80D77mZXSEcWgck12rs504ierr9BOljDaxpdOJLcQrvP0-4Y30gDxfAje8djalU_5catGYBbPVnO_ewU5SUiH5A
2018-02-22T11:30:00Z,28.0,https://playground.fiesta-iot.eu/iot-registry/api/resources/CSO2y2cQU_LnJiz74e6yk_0g9o69PBsPYXK5WOb-x2iJuOSwg5VIVBUlyv-Y1kT2CIaOMfNQiTNOo37o1nygCwhmJV6Fd-ZGeuXkm3XpVP0zqeUcy9BIPh5Ld-A7VV3g
2018-02-22T11:30:00Z,32.0,https://playground.fiesta-iot.eu/iot-registry/api/resources/dfiCZSvOQ4HB4G9A0-574SI98VDa-rHw6XSelqruUR9-SbFZgqdhfZmFIPrcgzZ9S3FUmR0K2qp-Ex1ABBACj0ufT_l2wfV7WkpeJbvJIGDWrNOIEM4tx4_ImLd7IJBz
2018-02-22T11:30:00Z,322.0,https://playground.fiesta-iot.eu/iot-registry/api/resources/O07wufrWNvGVOw-Ax5sLvp4ku3ZBIa0yu9lqTOjkvLVMttKfVjnc2_M4gJE5qrdj85xmC2ggeAvS5JJaPriTsYvAMSazv7A3boJEJ0bbeVDii9BBa0tj3oUUJgRnKmbO
2018-02-22T11:30:00Z,206.0,https://playground.fiesta-iot.eu/iot-registry/api/resources/e1cuF-lDGkj65CiuAB_aTBGArbFWGOVK-rmlmP3TRCe3rqxWus42Wl2vO2t3C7yC8YurdoRr8GiWGTpq0mqWyv6-aALa5_gdvNXYR8dOHEDScelrZIHv5ac7fl2kF-AG
2018-02-22T11:30:00Z,28.0,https://playground.fiesta-iot.eu/iot-registry/api/resources/hR7y4NEgx7tJWb4QdSCI1Gx61m6G2v6GKrpkrvFX0ESmaoY49m02dbNJGxDEbtK5nBJ8Jqkrq2CG4gszLi2MusL4A01IjbsMr-SWXgQAATyFxhTQujF3f4KiLa0uyN8w
2018-02-22T11:30:00Z,23.0,https://playground.fiesta-iot.eu/iot-registry/api/resources/wuVbNPAfVV4QttJFXJ9H331iu7hOP6CA-oFDKdE_DsHzho2uxOABD9PWCnRRd4RXXQJmvWlIbA-FP6EFRTyI6ohh9H2VPl9MbmpycKFP5VXeMYUfkyZau5Lf4VFDLh_u
2018-02-22T11:30:00.99Z,10.6,https://playground.fiesta-iot.eu/iot-registry/api/resources/FUIBUTUDCOdIfNX8hVyka6E1pmNgjLAuOA6XctHsoQe1AZCpnmuOxjnPZtnRjD-A
2018-02-22T11:30:21.547Z,31.05,https://playground.fiesta-iot.eu/iot-registry/api/resources/zvx-aKPDaoJEtOMXkP6CjiEfSUctDmFAZTZ6mbo715WMYiG0mh-yiV0O5Kvkd8x7eVwrY4xTAzNK8GQoPRa1wPgZ2-6Zh0n0gGyAld13Xkg=
2018-02-22T11:30:36.47Z,23.0,https://playground.fiesta-iot.eu/iot-registry/api/resources/k5-3_gp4a1LlLj7NbkXE-fBYTaD0V5kmZuFAKU_XiCWVnUoDcTEYmHZbkE0s9qmNO2HPr2m_WUPIOwG-jBgadbxqgM7jIbFK4tBX2wvxV8M=
2018-02-22T11:30:59.259Z,23.57,https://playground.fiesta-iot.eu/iot-registry/api/resources/xjH8D9gqsPAeEWXONlQDhTLpAzqI1tCnwGvD5ENx3LE_AZPpKrcIvlLZ7UMX1PfZ379PwT5DaudylRQ7_JpWVYJgViGWIfX0vyRF_bL6lE4=
2018-02-22T11:31:30.411Z,23.64,https://playground.fiesta-iot.eu/iot-registry/api/resources/ldwjmmqo4_6-RQVCIutKqxzvuhdHlMKapA5GYbJYYyGmHvAke4u7h9QoNQfMZOoTgjYWGuIs2Hawo4Ias7mT8s1rJMFwPjoj_GM58F4it7k=
2018-02-22T11:33:26.969Z,29.95,https://playground.fiesta-iot.eu/iot-registry/api/resources/FQTqx4w__wpO1iEav6H0CnQfOBUZSkhgtOokOc0hs08MXR1_WKPFd1WKEONSlPLp3RUOzvU4IkHtjpYHOtG5xPWB37uvMdxL11P9zIg7PDc=
2018-02-22T11:33:50.586Z,23.21,https://playground.fiesta-iot.eu/iot-registry/api/resources/Huksuaia4wMd2SmtlomvLkIPfY0bhN3Pq7ak90SO0ANVlZmo47RnZcXrgrweHYly5bI8q1IXQrd-j3KtX5UeKeZ_2L-4nnnqb16vNFFbet4=
2018-02-22T11:36:20.027Z,18.2,https://playground.fiesta-iot.eu/iot-registry/api/resources/XrGos2wFKHqgNQLcEKN45oXPmz46iiJlVdzjNWQuAiZhaiFtdBjv8ZpBqV6II2USaUXK8CIXqL2DUqNBIV3BdErgaLV5edZTBZQgLSww3QE=
2018-02-22T11:37:35.475Z,34.69,https://playground.fiesta-iot.eu/iot-registry/api/resources/UQ3ntuvhadCnxNROiCAODjjv_6MgNnDTQQbZGtdU6PLRAXP0eYRc7wkIawseJU0IBnaoV-aUlYCTD0pzHTNAavYa-37EuEaRTZ9j21UoCTc=
2018-02-22T11:38:55.468Z,23.53,https://playground.fiesta-iot.eu/iot-registry/api/resources/xjH8D9gqsPAeEWXONlQDhTLpAzqI1tCnwGvD5ENx3LE_AZPpKrcIvlLZ7UMX1PfZ379PwT5DaudylRQ7_JpWVYJgViGWIfX0vyRF_bL6lE4=
2018-02-22T11:39:29.24Z,23.62,https://playground.fiesta-iot.eu/iot-registry/api/resources/ldwjmmqo4_6-RQVCIutKqxzvuhdHlMKapA5GYbJYYyGmHvAke4u7h9QoNQfMZOoTgjYWGuIs2Hawo4Ias7mT8s1rJMFwPjoj_GM58F4it7k=
2018-02-22T11:39:55.452Z,30.69,https://playground.fiesta-iot.eu/iot-registry/api/resources/zvx-aKPDaoJEtOMXkP6CjiEfSUctDmFAZTZ6mbo715WMYiG0mh-yiV0O5Kvkd8x7eVwrY4xTAzNK8GQoPRa1wPgZ2-6Zh0n0gGyAld13Xkg=
2018-02-22T11:40:00Z,7.3,https://playground.fiesta-iot.eu/iot-registry/api/resources/z4eML_qbplF2Psbo77mIwGAXahddakX1GI3MFU7E1MZlRWGPB1ft_u9ENPhcE3crDamLIforhMuZZdBieMG5qQSLBD4I2JdoE35c8bs5QA2qPRwV-UDAP_8fZPu5nt5D
2018-02-22T11:40:35.928Z,23.02,https://playground.fiesta-iot.eu/iot-registry/api/resources/k5-3_gp4a1LlLj7NbkXE-fBYTaD0V5kmZuFAKU_XiCWVnUoDcTEYmHZbkE0s9qmNO2HPr2m_WUPIOwG-jBgadbxqgM7jIbFK4tBX2wvxV8M=
2018-02-22T11:41:52Z,25.5,https://playground.fiesta-iot.eu/iot-registry/api/resources/O_-mHMJkKQRaclwE5y-oAi_W8G2yMF1Rjk4_I78_Eibp1hDzW7lKrdGmVk24vS7s6s-gdHQ0s0aeDHybNMvokQ==
2018-02-22T11:41:52Z,26.94,https://playground.fiesta-iot.eu/iot-registry/api/resources/b8ujXfc8l4qPz5-_VY_cH9sbnoOUac86Q-JhC6aX1pal6rMNUb1red1kENkwJ8PNFKzY93PT1oAq_yDqbfQGYg==
2018-02-22T11:41:55.002Z,30.11,https://playground.fiesta-iot.eu/iot-registry/api/resources/FQTqx4w__wpO1iEav6H0CnQfOBUZSkhgtOokOc0hs08MXR1_WKPFd1WKEONSlPLp3RUOzvU4IkHtjpYHOtG5xPWB37uvMdxL11P9zIg7PDc=
2018-02-22T11:43:50.665Z,23.34,https://playground.fiesta-iot.eu/iot-registry/api/resources/Huksuaia4wMd2SmtlomvLkIPfY0bhN3Pq7ak90SO0ANVlZmo47RnZcXrgrweHYly5bI8q1IXQrd-j3KtX5UeKeZ_2L-4nnnqb16vNFFbet4=
2018-02-22T11:45:01.525Z,11.0,https://playground.fiesta-iot.eu/iot-registry/api/resources/FUIBUTUDCOdIfNX8hVyka6E1pmNgjLAuOA6XctHsoQe1AZCpnmuOxjnPZtnRjD-A
2018-02-22T11:46:01.964Z,18.01,https://playground.fiesta-iot.eu/iot-registry/api/resources/XrGos2wFKHqgNQLcEKN45oXPmz46iiJlVdzjNWQuAiZhaiFtdBjv8ZpBqV6II2USaUXK8CIXqL2DUqNBIV3BdErgaLV5edZTBZQgLSww3QE=
2018-02-22T11:46:41.128Z,35.88,https://playground.fiesta-iot.eu/iot-registry/api/resources/UQ3ntuvhadCnxNROiCAODjjv_6MgNnDTQQbZGtdU6PLRAXP0eYRc7wkIawseJU0IBnaoV-aUlYCTD0pzHTNAavYa-37EuEaRTZ9j21UoCTc=
2018-02-22T11:47:34.045Z,30.72,https://playground.fiesta-iot.eu/iot-registry/api/resources/zvx-aKPDaoJEtOMXkP6CjiEfSUctDmFAZTZ6mbo715WMYiG0mh-yiV0O5Kvkd8x7eVwrY4xTAzNK8GQoPRa1wPgZ2-6Zh0n0gGyAld13Xkg=
2018-02-22T11:48:35.598Z,23.04,https://playground.fiesta-iot.eu/iot-registry/api/resources/k5-3_gp4a1LlLj7NbkXE-fBYTaD0V5kmZuFAKU_XiCWVnUoDcTEYmHZbkE0s9qmNO2HPr2m_WUPIOwG-jBgadbxqgM7jIbFK4tBX2wvxV8M=
2018-02-22T11:48:50.77Z,23.8,https://playground.fiesta-iot.eu/iot-registry/api/resources/xjH8D9gqsPAeEWXONlQDhTLpAzqI1tCnwGvD5ENx3LE_AZPpKrcIvlLZ7UMX1PfZ379PwT5DaudylRQ7_JpWVYJgViGWIfX0vyRF_bL6lE4=
2018-02-22T11:49:27.717Z,23.62,https://playground.fiesta-iot.eu/iot-registry/api/resources/ldwjmmqo4_6-RQVCIutKqxzvuhdHlMKapA5GYbJYYyGmHvAke4u7h9QoNQfMZOoTgjYWGuIs2Hawo4Ias7mT8s1rJMFwPjoj_GM58F4it7k=
2018-02-22T11:50:00Z,23.0,https://playground.fiesta-iot.eu/iot-registry/api/resources/W5du2EJzGl_ewNud-Atl4-2tRokwHzGKpubBb33Kifr5Omtbk16UmJXp_admjA0yu-HHPgroDOzU1tieEMXF5HMBw5oeV8gZcgbHJUAr5RdUi3ChbpBk7lZZC3zCx9aR
2018-02-22T11:50:00Z,21.0,https://playground.fiesta-iot.eu/iot-registry/api/resources/6mPmAjbOpKNVarPLLFFKtqvuNcup8MYi0AClsb_VeB7eLr7mulfITdjQzdCKgW8TdvUmCQTHIx3wF4Yfj718NY3B426zQeMJ-aERuevT872nZOjyoUdhfwWzXFo_GVeM
2018-02-22T11:50:00Z,23.0,https://playground.fiesta-iot.eu/iot-registry/api/resources/ZC0f9obdrfLNPvu61yiNg3SV6wiezEOAOqJH5rtrecYn8XzYRFSkeo-E3OFpf1wFiqg-RujUmgB8I3IEdZNcLUMmodKR-iiJr8ck1uDmRN3s5VFKUMZ9ffHl3VeYWdzn
2018-02-22T11:50:00Z,235.0,https://playground.fiesta-iot.eu/iot-registry/api/resources/asHvEiTyhMf9XL0NtzF-7rTIDgmDVdDRcaUaFG0c5g4K4gKtWaRO8a9hOcpaDOSbnJJU83YWyWxuQugti8u3gj3cVL-yQxp3jc2jJ1HTT5EnoxsDQXloR-18W9RWPVtw
2018-02-22T11:50:00Z,23.0,https://playground.fiesta-iot.eu/iot-registry/api/resources/nX2OutLKf0YvalJTF2otd1Yqt6cwlDiP9f0WcD6YgSDuuC6MHCfHhk2N96unEtTOrKe6qwx1Ue4YLeMuwghSWvgMXaNwg7_LtLdV6ScvKzwkPZEOyapTf7xypp86uRQG
2018-02-22T11:50:00Z,23.0,https://playground.fiesta-iot.eu/iot-registry/api/resources/5FiLUs0aTEC_VcWDJUWBBj07-FhK6CxuPGs4rXaq3awowjwDWJsxvpvFvEVd0wSyxgNdkNr-q1MOyCgI1FnsFLe9KU_xnqVV6ms-oiFW64vj6hnu04VZO7pNd67aTe-x
2018-02-22T11:50:00Z,27.0,https://playground.fiesta-iot.eu/iot-registry/api/resources/e4eLyXGHwPuGiMGfiwawteYsr6x7PnHrtgHEMfRJuMabgCxP85yFqte8bRo9UyD4maY2JzUOAjmuHeF3F7ssTYIn2TOiNzKtyWTtjDL-cH76FqBXWC2ftgnelb7ij3FO
2018-02-22T11:50:00Z,23.0,https://playground.fiesta-iot.eu/iot-registry/api/resources/sXsRGYAh8mX8ZXAvEFlcCu55pVZkdXL_jJojvrO6_6v97Cnncyii5xT8h0eJdGV5j6CUJA2ar5CnsjUa4RRMpDX3Fc8QG20akkpGAMlERYEY4EYje1rzyNylDORhWqj1
2018-02-22T11:50:00Z,31.0,https://playground.fiesta-iot.eu/iot-registry/api/resources/sCWgNBPXaWwkxHs7VEQodl-kAAJKa7n1erpqTbT_RdQzkaJIFNRvK5HiPMUxxDIqkr3cNYBBBsASLysIwTi8poxIGOnWGli7wAyqh1c3q02hX5S3MZVNuG-zgtVlu97o
2018-02-22T11:50:00Z,25.0,https://playground.fiesta-iot.eu/iot-registry/api/resources/Xncpa-L5Ra-c8kHgyZo06paZNlSRdXvqZOCeHB5u5guUoq1FsTbFJr2kSqmhv6X_j3Fpv4fa3czTt7rfMSpMNa5osLAp5oVWgNVTZd9YuUWO5FMBT6rL8JKp_c90I7Wb
2018-02-22T11:50:00Z,21.0,https://playground.fiesta-iot.eu/iot-registry/api/resources/V1YH-QeIGRfxCIIeINBrn-O2Aq9x2aRslRwrod34VLtizY9h2nUdRI-Y4SjTRqyu-dNuBsh_1JaO8ZBBlwFHDyQ6A7RyUrFxKnYS6SzYXCu8YZ2HqEtaeveNYUSdYIL3
2018-02-22T11:50:00Z,23.0,https://playground.fiesta-iot.eu/iot-registry/api/resources/KJdQsIGbyjvqUwmU_EJplf4pYFxZBEn1D9kbP8UX6pweGTfra4vmwd3svYj47OWObAUd_SG7wKOTrkYF8Bh2EeX63kbZ41c2ecystlNSbislEji_meb6Or-pfqlwtNUu
2018-02-22T11:50:00Z,32.0,https://playground.fiesta-iot.eu/iot-registry/api/resources/yMAOmm3zC7HDZUtYCKMx5k4Ti5C5hT7_S9ZHcScvbhRB3DHAZah1-rE65wI5tpb_hTO4Pp6ZofiALNw0P0BIoIZl_c5GE6dPJ7sn--_R2PyIxpFZm36YT0h-7jK3MVHP
2018-02-22T11:50:00Z,23.0,https://playground.fiesta-iot.eu/iot-registry/api/resources/VD51grLyIMr1yiyOCd3mhelFzrQ7icP3LU1dYu_b9y4EwoORayCitBucsTn0HCjDm2ZZFgXIzaUPX6e7Pr5P0UOjZ55VPpmYoJw6cmZbobrI-KEpr6moAP7xBFIsHW9-
2018-02-22T11:50:00Z,219.0,https://playground.fiesta-iot.eu/iot-registry/api/resources/KdwL6tX9v90f3mDZSPzhLrBf8ugbXSediTRFwd1dZFd-B5X1lBX8wJZMje1XsN6uYNtWSPoJVQohGF1A-Ytqv3dBdNrkFB0bB4521EeqyXhos72w5gVv23YUQojC8lSp
2018-02-22T11:50:00Z,23.0,https://playground.fiesta-iot.eu/iot-registry/api/resources/h1XKw7Nw21R8rtVF1fkeEO0zalYvqXYQr2fIVl9N-o7zxPze_b0MNaWOUE1lFXmMxzgetiHiUEBWyPJmlEzZAShWPGmYukkIp3ov8cfYkPnsFHDa9lbqn-HS7VZCoCUv
2018-02-22T11:50:00Z,28.0,https://playground.fiesta-iot.eu/iot-registry/api/resources/koHeE4wfk0y4s-YsggMi6cePW5tV0WQgImq_bWwEhS0ncJy8m6GO6qIW1o52eUrkmSFhBPOaKAoC_TrohyoNnQHMZkyNtt10zdDMo51_yHNjmM5krIBUUZ6F6uhk9Lfl
2018-02-22T11:50:00Z,27.0,https://playground.fiesta-iot.eu/iot-registry/api/resources/yeBlDF_1pPYNjYwOnTG00JhssXBiZVyN5lHKyqaBx8k5yspBMkpXVUfgpIQ03ufklU8xQrDAmYckZG90zJAgdywKWmJRaif5-hkpdoq2TOxkWBnchNFPWhVh6Apn4Bgc
2018-02-22T11:50:00Z,33.0,https://playground.fiesta-iot.eu/iot-registry/api/resources/arb5feLz0hVJmV4khAtxtmU4ZasbTizFCc2Q82WOBeJ7ObPinMfb-5dY9DqA04jHU80nlHBID7O5d7hhyBH5bXDHPzVJMpJ2I8x1Ju3xtr9ri4DYw0XlvyMZk3nyZUU9
2018-02-22T11:50:00Z,23.0,https://playground.fiesta-iot.eu/iot-registry/api/resources/MoJbp36FWcoHd09x8yvpGRbdfJ6R6GldhZxpyorDMfeHD7QbdjEUo4JkMOtUwZjxR6bshbpndQFy5vqMSBtCAiUPEAdQ-O5rsBvn36DHFkVoI3tExBnGqkpuFphngBVo
2018-02-22T11:50:00Z,30.0,https://playground.fiesta-iot.eu/iot-registry/api/resources/ORnt0eFjSUotSgFVOQeHpQthHvjY6vz9_LzOkV-BPkkBmCqZBVASLn8xb0ksAYgzNHl5dAzm0aMxgBuMCbeREB1rx2WLLl4ia9LsGpeejR9podvMrZNeWngN7YK7KMby
2018-02-22T11:50:00Z,23.0,https://playground.fiesta-iot.eu/iot-registry/api/resources/56ho0gf8mCdS-o-mUREhhfytOqloa-tNu-l0H2s5VtsQwfhcdFPw2GhBfjjU3WGI4dn_OTvCWqn-uvdwWwhH6lo9ECBzUIXvSxIUoYu57QNsscNKTQfN9_R_E_4gjOKM
2018-02-22T11:50:00Z,26.0,https://playground.fiesta-iot.eu/iot-registry/api/resources/aG9BmIcSlsu9uHb9HsN7Ac6UaIMwZzzTtLwgf4Q1jybodkcKDEneCOLFxPEDz1-hIqV2S_xXnuYLE1f3mgfmKpyEI0z5OCnBbLTAK_ewv12rKWFFpIH34jn4zJ5fRoqW
2018-02-22T11:50:00Z,328.0,https://playground.fiesta-iot.eu/iot-registry/api/resources/j7FkMmdJBXBPT6Y8GmcythgkDhRiLFfBlfQOOC3FEVaPGLd28zaiDM_tJ-8-Sl5jbCJGtk__mJmTD7XH7fAEfFckr7Dm6GsBkqlg1B-u_Dquzsh9RpuKdOCX0BFpuzI5
2018-02-22T11:50:00Z,28.0,https://playground.fiesta-iot.eu/iot-registry/api/resources/yc3lci3IcdobHr4oKV_SNYNKOgs-xptxLSYHEKvl4gFoq92zbXxc4M1IL2n50Dw1k5Ki_fVjp5ag5A59hQ6PBq4uCFEOGlDMCjnQD_CgZ2JgFuvfDPX6EpBdX8rk70gE
2018-02-22T11:50:00Z,291.0,https://playground.fiesta-iot.eu/iot-registry/api/resources/MPGM4eJOmLBB5SeVX6E9HWzqC1KjKLg87L48ZVGyU80D77mZXSEcWgck12rs504ierr9BOljDaxpdOJLcQrvP0-4Y30gDxfAje8djalU_5catGYBbPVnO_ewU5SUiH5A
2018-02-22T11:50:00Z,28.0,https://playground.fiesta-iot.eu/iot-registry/api/resources/CSO2y2cQU_LnJiz74e6yk_0g9o69PBsPYXK5WOb-x2iJuOSwg5VIVBUlyv-Y1kT2CIaOMfNQiTNOo37o1nygCwhmJV6Fd-ZGeuXkm3XpVP0zqeUcy9BIPh5Ld-A7VV3g
2018-02-22T11:50:00Z,32.0,https://playground.fiesta-iot.eu/iot-registry/api/resources/dfiCZSvOQ4HB4G9A0-574SI98VDa-rHw6XSelqruUR9-SbFZgqdhfZmFIPrcgzZ9S3FUmR0K2qp-Ex1ABBACj0ufT_l2wfV7WkpeJbvJIGDWrNOIEM4tx4_ImLd7IJBz
2018-02-22T11:50:00Z,319.0,https://playground.fiesta-iot.eu/iot-registry/api/resources/O07wufrWNvGVOw-Ax5sLvp4ku3ZBIa0yu9lqTOjkvLVMttKfVjnc2_M4gJE5qrdj85xmC2ggeAvS5JJaPriTsYvAMSazv7A3boJEJ0bbeVDii9BBa0tj3oUUJgRnKmbO
2018-02-22T11:50:00Z,206.0,https://playground.fiesta-iot.eu/iot-registry/api/resources/e1cuF-lDGkj65CiuAB_aTBGArbFWGOVK-rmlmP3TRCe3rqxWus42Wl2vO2t3C7yC8YurdoRr8GiWGTpq0mqWyv6-aALa5_gdvNXYR8dOHEDScelrZIHv5ac7fl2kF-AG
2018-02-22T11:50:00Z,28.0,https://playground.fiesta-iot.eu/iot-registry/api/resources/hR7y4NEgx7tJWb4QdSCI1Gx61m6G2v6GKrpkrvFX0ESmaoY49m02dbNJGxDEbtK5nBJ8Jqkrq2CG4gszLi2MusL4A01IjbsMr-SWXgQAATyFxhTQujF3f4KiLa0uyN8w
2018-02-22T11:50:00Z,23.0,https://playground.fiesta-iot.eu/iot-registry/api/resources/wuVbNPAfVV4QttJFXJ9H331iu7hOP6CA-oFDKdE_DsHzho2uxOABD9PWCnRRd4RXXQJmvWlIbA-FP6EFRTyI6ohh9H2VPl9MbmpycKFP5VXeMYUfkyZau5Lf4VFDLh_u
2018-02-22T11:50:23.318Z,29.87,https://playground.fiesta-iot.eu/iot-registry/api/resources/FQTqx4w__wpO1iEav6H0CnQfOBUZSkhgtOokOc0hs08MXR1_WKPFd1WKEONSlPLp3RUOzvU4IkHtjpYHOtG5xPWB37uvMdxL11P9zIg7PDc=
2018-02-22T11:51:50.416Z,23.45,https://playground.fiesta-iot.eu/iot-registry/api/resources/Huksuaia4wMd2SmtlomvLkIPfY0bhN3Pq7ak90SO0ANVlZmo47RnZcXrgrweHYly5bI8q1IXQrd-j3KtX5UeKeZ_2L-4nnnqb16vNFFbet4=
2018-02-22T11:53:56.643Z,36.78,https://playground.fiesta-iot.eu/iot-registry/api/resources/UQ3ntuvhadCnxNROiCAODjjv_6MgNnDTQQbZGtdU6PLRAXP0eYRc7wkIawseJU0IBnaoV-aUlYCTD0pzHTNAavYa-37EuEaRTZ9j21UoCTc=
2018-02-22T11:55:00Z,6.8,https://playground.fiesta-iot.eu/iot-registry/api/resources/z4eML_qbplF2Psbo77mIwGAXahddakX1GI3MFU7E1MZlRWGPB1ft_u9ENPhcE3crDamLIforhMuZZdBieMG5qQSLBD4I2JdoE35c8bs5QA2qPRwV-UDAP_8fZPu5nt5D
2018-02-22T11:55:43.778Z,18.33,https://playground.fiesta-iot.eu/iot-registry/api/resources/XrGos2wFKHqgNQLcEKN45oXPmz46iiJlVdzjNWQuAiZhaiFtdBjv8ZpBqV6II2USaUXK8CIXqL2DUqNBIV3BdErgaLV5edZTBZQgLSww3QE=
2018-02-22T11:57:07.628Z,30.47,https://playground.fiesta-iot.eu/iot-registry/api/resources/zvx-aKPDaoJEtOMXkP6CjiEfSUctDmFAZTZ6mbo715WMYiG0mh-yiV0O5Kvkd8x7eVwrY4xTAzNK8GQoPRa1wPgZ2-6Zh0n0gGyAld13Xkg=
2018-02-22T11:57:26.416Z,23.66,https://playground.fiesta-iot.eu/iot-registry/api/resources/ldwjmmqo4_6-RQVCIutKqxzvuhdHlMKapA5GYbJYYyGmHvAke4u7h9QoNQfMZOoTgjYWGuIs2Hawo4Ias7mT8s1rJMFwPjoj_GM58F4it7k=
2018-02-22T11:58:35.163Z,23.0,https://playground.fiesta-iot.eu/iot-registry/api/resources/k5-3_gp4a1LlLj7NbkXE-fBYTaD0V5kmZuFAKU_XiCWVnUoDcTEYmHZbkE0s9qmNO2HPr2m_WUPIOwG-jBgadbxqgM7jIbFK4tBX2wvxV8M=
2018-02-22T11:58:45.731Z,23.96,https://playground.fiesta-iot.eu/iot-registry/api/resources/xjH8D9gqsPAeEWXONlQDhTLpAzqI1tCnwGvD5ENx3LE_AZPpKrcIvlLZ7UMX1PfZ379PwT5DaudylRQ7_JpWVYJgViGWIfX0vyRF_bL6lE4=
2018-02-22T11:58:51.697Z,30.6,https://playground.fiesta-iot.eu/iot-registry/api/resources/FQTqx4w__wpO1iEav6H0CnQfOBUZSkhgtOokOc0hs08MXR1_WKPFd1WKEONSlPLp3RUOzvU4IkHtjpYHOtG5xPWB37uvMdxL11P9zIg7PDc=
